 2.75185E+01	 4.85000E+02
 2.83130E+01	 4.89400E+02
 2.91074E+01	 4.86400E+02
 2.99017E+01	 4.86600E+02
 3.06959E+01	 4.92200E+02
 3.14899E+01	 4.84200E+02
 3.22839E+01	 4.86000E+02
 3.30778E+01	 4.88200E+02
 3.38716E+01	 4.87000E+02
 3.46653E+01	 4.82800E+02
 3.54588E+01	 4.85600E+02
 3.62523E+01	 4.84800E+02
 3.70457E+01	 4.85800E+02
 3.78390E+01	 4.84400E+02
 3.86322E+01	 4.84400E+02
 3.94253E+01	 4.82000E+02
 4.02183E+01	 4.81800E+02
 4.10111E+01	 4.87000E+02
 4.18039E+01	 4.86200E+02
 4.25966E+01	 4.85600E+02
 4.33892E+01	 4.81200E+02
 4.41817E+01	 4.85200E+02
 4.49741E+01	 4.85200E+02
 4.57664E+01	 4.88200E+02
 4.65586E+01	 4.83200E+02
 4.73507E+01	 4.82200E+02
 4.81427E+01	 4.83400E+02
 4.89345E+01	 4.82400E+02
 4.97263E+01	 4.86400E+02
 5.05180E+01	 4.85600E+02
 5.13096E+01	 4.86000E+02
 5.21011E+01	 4.88000E+02
 5.28925E+01	 4.86400E+02
 5.36838E+01	 4.81400E+02
 5.44750E+01	 4.83400E+02
 5.52661E+01	 4.83000E+02
 5.60571E+01	 4.83600E+02
 5.68480E+01	 4.91600E+02
 5.76388E+01	 4.85600E+02
 5.84295E+01	 4.85600E+02
 5.92201E+01	 4.86000E+02
 6.00106E+01	 4.86000E+02
 6.08010E+01	 4.82200E+02
 6.15913E+01	 4.86400E+02
 6.23815E+01	 4.82000E+02
 6.31716E+01	 4.81200E+02
 6.39616E+01	 4.84600E+02
 6.47515E+01	 4.90000E+02
 6.55414E+01	 4.93800E+02
 6.63311E+01	 4.91000E+02
 6.71207E+01	 4.93400E+02
 6.79102E+01	 5.03600E+02
 6.86996E+01	 5.05400E+02
 6.94889E+01	 5.06600E+02
 7.02781E+01	 5.20800E+02
 7.10672E+01	 5.40400E+02
 7.18562E+01	 5.63400E+02
 7.26452E+01	 5.85000E+02
 7.34340E+01	 6.12400E+02
 7.42227E+01	 6.39000E+02
 7.50113E+01	 6.82200E+02
 7.57998E+01	 7.34600E+02
 7.65883E+01	 7.96200E+02
 7.73766E+01	 8.78000E+02
 7.81648E+01	 9.64400E+02
 7.89529E+01	 1.06920E+03
 7.97409E+01	 1.11960E+03
 8.05289E+01	 1.14520E+03
 8.13167E+01	 1.06340E+03
 8.21044E+01	 9.96800E+02
 8.28920E+01	 9.16400E+02
 8.36796E+01	 8.67200E+02
 8.44670E+01	 8.45600E+02
 8.52543E+01	 8.41600E+02
 8.60416E+01	 8.47600E+02
 8.68287E+01	 8.51200E+02
 8.76157E+01	 8.70000E+02
 8.84027E+01	 8.86200E+02
 8.91895E+01	 9.21000E+02
 8.99762E+01	 9.48800E+02
 9.07629E+01	 1.00260E+03
 9.15494E+01	 1.02020E+03
 9.23359E+01	 9.98400E+02
 9.31222E+01	 9.51600E+02
 9.39084E+01	 9.04600E+02
 9.46946E+01	 8.56800E+02
 9.54806E+01	 8.23600E+02
 9.62666E+01	 8.02400E+02
 9.70524E+01	 8.03800E+02
 9.78382E+01	 8.01000E+02
 9.86238E+01	 8.15200E+02
 9.94094E+01	 8.45400E+02
 1.00195E+02	 9.05400E+02
 1.00980E+02	 1.00520E+03
 1.01765E+02	 1.09680E+03
 1.02551E+02	 1.20920E+03
 1.03336E+02	 1.24420E+03
 1.04121E+02	 1.25420E+03
 1.04905E+02	 1.19980E+03
 1.05690E+02	 1.11820E+03
 1.06475E+02	 1.04580E+03
 1.07259E+02	 9.64800E+02
 1.08044E+02	 9.21200E+02
 1.08828E+02	 8.95600E+02
 1.09613E+02	 8.81400E+02
 1.10397E+02	 8.88800E+02
 1.11181E+02	 9.08200E+02
 1.11965E+02	 9.08000E+02
 1.12749E+02	 9.34600E+02
 1.13532E+02	 9.44600E+02
 1.14316E+02	 9.60000E+02
 1.15100E+02	 9.65600E+02
 1.15883E+02	 1.01060E+03
 1.16667E+02	 1.06560E+03
 1.17450E+02	 1.12480E+03
 1.18233E+02	 1.21620E+03
 1.19016E+02	 1.33840E+03
 1.19799E+02	 1.49020E+03
 1.20582E+02	 1.62540E+03
 1.21365E+02	 1.80480E+03
 1.22147E+02	 1.91920E+03
 1.22930E+02	 2.02820E+03
 1.23713E+02	 2.09840E+03
 1.24495E+02	 2.11600E+03
 1.25277E+02	 2.04380E+03
 1.26059E+02	 1.98680E+03
 1.26842E+02	 1.88080E+03
 1.27624E+02	 1.77020E+03
 1.28405E+02	 1.64440E+03
 1.29187E+02	 1.54320E+03
 1.29969E+02	 1.44180E+03
 1.30751E+02	 1.34100E+03
 1.31532E+02	 1.26140E+03
 1.32313E+02	 1.19420E+03
 1.33095E+02	 1.13120E+03
 1.33876E+02	 1.08440E+03
 1.34657E+02	 1.02140E+03
 1.35438E+02	 9.90000E+02
 1.36219E+02	 9.74200E+02
 1.37000E+02	 9.60400E+02
 1.37781E+02	 9.21600E+02
 1.38561E+02	 9.12200E+02
 1.39342E+02	 9.06800E+02
 1.40122E+02	 8.74800E+02
 1.40902E+02	 8.57600E+02
 1.41683E+02	 8.58200E+02
 1.42463E+02	 8.31400E+02
 1.43243E+02	 8.25200E+02
 1.44023E+02	 8.16600E+02
 1.44803E+02	 7.91800E+02
 1.45582E+02	 7.93600E+02
 1.46362E+02	 7.90200E+02
 1.47142E+02	 7.86600E+02
 1.47921E+02	 7.92200E+02
 1.48700E+02	 7.82000E+02
 1.49480E+02	 7.90600E+02
 1.50259E+02	 7.88800E+02
 1.51038E+02	 7.83400E+02
 1.51817E+02	 7.93800E+02
 1.52596E+02	 7.97800E+02
 1.53374E+02	 7.98200E+02
 1.54153E+02	 7.98000E+02
 1.54932E+02	 8.01200E+02
 1.55710E+02	 8.05400E+02
 1.56488E+02	 8.07000E+02
 1.57267E+02	 8.28000E+02
 1.58045E+02	 8.73800E+02
 1.58823E+02	 8.94000E+02
 1.59601E+02	 9.21800E+02
 1.60379E+02	 9.76200E+02
 1.61157E+02	 1.00200E+03
 1.61934E+02	 1.02360E+03
 1.62712E+02	 1.03040E+03
 1.63489E+02	 1.00940E+03
 1.64267E+02	 9.95400E+02
 1.65044E+02	 9.87600E+02
 1.65821E+02	 9.95200E+02
 1.66598E+02	 1.00960E+03
 1.67375E+02	 1.02360E+03
 1.68152E+02	 1.03200E+03
 1.68929E+02	 1.04280E+03
 1.69706E+02	 1.02180E+03
 1.70482E+02	 9.97400E+02
 1.71259E+02	 9.71000E+02
 1.72035E+02	 9.36000E+02
 1.72811E+02	 9.09800E+02
 1.73588E+02	 8.84400E+02
 1.74364E+02	 8.41400E+02
 1.75140E+02	 8.15600E+02
 1.75916E+02	 8.02800E+02
 1.76692E+02	 7.83800E+02
 1.77467E+02	 7.80800E+02
 1.78243E+02	 7.70400E+02
 1.79018E+02	 7.54000E+02
 1.79794E+02	 7.40400E+02
 1.80569E+02	 7.30200E+02
 1.81344E+02	 7.21800E+02
 1.82120E+02	 7.17200E+02
 1.82895E+02	 7.07600E+02
 1.83670E+02	 7.00800E+02
 1.84444E+02	 7.07000E+02
 1.85219E+02	 7.09800E+02
 1.85994E+02	 7.09000E+02
 1.86768E+02	 7.12200E+02
 1.87543E+02	 7.21200E+02
 1.88317E+02	 7.27400E+02
 1.89091E+02	 7.48800E+02
 1.89865E+02	 7.49800E+02
 1.90640E+02	 7.66400E+02
 1.91414E+02	 7.82000E+02
 1.92187E+02	 7.90400E+02
 1.92961E+02	 8.00200E+02
 1.93735E+02	 8.06000E+02
 1.94508E+02	 8.24200E+02
 1.95282E+02	 8.12200E+02
 1.96055E+02	 8.23400E+02
 1.96829E+02	 8.31600E+02
 1.97602E+02	 8.53000E+02
 1.98375E+02	 8.60200E+02
 1.99148E+02	 8.77600E+02
 1.99921E+02	 8.83000E+02
 2.00693E+02	 8.90000E+02
 2.01466E+02	 8.96200E+02
 2.02239E+02	 9.03000E+02
 2.03011E+02	 9.05200E+02
 2.03784E+02	 9.06800E+02
 2.04556E+02	 8.98200E+02
 2.05328E+02	 8.75400E+02
 2.06100E+02	 8.77600E+02
 2.06872E+02	 8.73200E+02
 2.07644E+02	 8.71600E+02
 2.08416E+02	 8.59400E+02
 2.09188E+02	 8.46000E+02
 2.09959E+02	 8.49200E+02
 2.10731E+02	 8.46600E+02
 2.11502E+02	 8.39000E+02
 2.12274E+02	 8.41400E+02
 2.13045E+02	 8.41000E+02
 2.13816E+02	 8.32400E+02
 2.14587E+02	 8.37800E+02
 2.15358E+02	 8.50000E+02
 2.16129E+02	 8.43400E+02
 2.16899E+02	 8.61400E+02
 2.17670E+02	 8.66200E+02
 2.18441E+02	 8.74200E+02
 2.19211E+02	 9.00800E+02
 2.19981E+02	 9.18200E+02
 2.20752E+02	 9.08200E+02
 2.21522E+02	 9.21000E+02
 2.22292E+02	 9.10000E+02
 2.23062E+02	 8.97200E+02
 2.23832E+02	 8.84400E+02
 2.24602E+02	 8.73600E+02
 2.25371E+02	 8.55600E+02
 2.26141E+02	 8.55400E+02
 2.26910E+02	 8.35600E+02
 2.27680E+02	 8.34200E+02
 2.28449E+02	 8.13400E+02
 2.29218E+02	 8.08000E+02
 2.29987E+02	 8.12800E+02
 2.30756E+02	 7.92800E+02
 2.31525E+02	 7.90800E+02
 2.32294E+02	 7.80400E+02
 2.33063E+02	 7.70200E+02
 2.33831E+02	 7.55200E+02
 2.34600E+02	 7.54200E+02
 2.35368E+02	 7.49400E+02
 2.36136E+02	 7.44000E+02
 2.36905E+02	 7.36000E+02
 2.37673E+02	 7.41000E+02
 2.38441E+02	 7.51400E+02
 2.39209E+02	 7.64600E+02
 2.39977E+02	 7.89200E+02
 2.40744E+02	 7.97400E+02
 2.41512E+02	 8.23800E+02
 2.42279E+02	 8.49400E+02
 2.43047E+02	 8.86200E+02
 2.43814E+02	 9.03200E+02
 2.44581E+02	 9.29200E+02
 2.45349E+02	 9.16000E+02
 2.46116E+02	 9.02800E+02
 2.46883E+02	 8.71000E+02
 2.47649E+02	 8.43200E+02
 2.48416E+02	 8.12400E+02
 2.49183E+02	 7.83800E+02
 2.49949E+02	 7.76000E+02
 2.50716E+02	 7.45600E+02
 2.51482E+02	 7.34000E+02
 2.52249E+02	 7.23800E+02
 2.53015E+02	 7.14800E+02
 2.53781E+02	 6.98200E+02
 2.54547E+02	 6.92000E+02
 2.55313E+02	 6.77400E+02
 2.56078E+02	 6.65000E+02
 2.56844E+02	 6.60600E+02
 2.57610E+02	 6.54400E+02
 2.58375E+02	 6.44200E+02
 2.59141E+02	 6.35000E+02
 2.59906E+02	 6.27000E+02
 2.60671E+02	 6.26200E+02
 2.61436E+02	 6.35800E+02
 2.62201E+02	 6.17400E+02
 2.62966E+02	 6.18000E+02
 2.63731E+02	 6.17400E+02
 2.64496E+02	 6.18200E+02
 2.65260E+02	 6.23400E+02
 2.66025E+02	 6.31600E+02
 2.66789E+02	 6.23400E+02
 2.67554E+02	 6.29400E+02
 2.68318E+02	 6.34200E+02
 2.69082E+02	 6.31800E+02
 2.69846E+02	 6.36400E+02
 2.70610E+02	 6.41200E+02
 2.71374E+02	 6.35200E+02
 2.72138E+02	 6.42200E+02
 2.72901E+02	 6.42600E+02
 2.73665E+02	 6.49600E+02
 2.74428E+02	 6.40800E+02
 2.75192E+02	 6.40400E+02
 2.75955E+02	 6.34600E+02
 2.76718E+02	 6.30200E+02
 2.77481E+02	 6.25800E+02
 2.78244E+02	 6.25400E+02
 2.79007E+02	 6.23800E+02
 2.79770E+02	 6.26400E+02
 2.80533E+02	 6.28200E+02
 2.81295E+02	 6.21600E+02
 2.82058E+02	 6.29800E+02
 2.82820E+02	 6.30600E+02
 2.83582E+02	 6.34600E+02
 2.84345E+02	 6.35600E+02
 2.85107E+02	 6.40200E+02
 2.85869E+02	 6.32200E+02
 2.86631E+02	 6.38000E+02
 2.87393E+02	 6.34800E+02
 2.88154E+02	 6.45800E+02
 2.88916E+02	 6.46800E+02
 2.89677E+02	 6.49600E+02
 2.90439E+02	 6.52800E+02
 2.91200E+02	 6.50800E+02
 2.91961E+02	 6.56400E+02
 2.92723E+02	 6.55000E+02
 2.93484E+02	 6.66800E+02
 2.94245E+02	 6.57400E+02
 2.95005E+02	 6.67200E+02
 2.95766E+02	 6.74800E+02
 2.96527E+02	 6.84200E+02
 2.97287E+02	 6.98000E+02
 2.98048E+02	 7.02800E+02
 2.98808E+02	 7.09600E+02
 2.99569E+02	 7.16200E+02
 3.00329E+02	 7.29000E+02
 3.01089E+02	 7.36400E+02
 3.01849E+02	 7.48400E+02
 3.02609E+02	 7.55400E+02
 3.03369E+02	 7.69600E+02
 3.04128E+02	 7.79000E+02
 3.04888E+02	 7.92200E+02
 3.05647E+02	 7.93000E+02
 3.06407E+02	 7.95000E+02
 3.07166E+02	 7.98600E+02
 3.07925E+02	 7.76600E+02
 3.08684E+02	 7.78600E+02
 3.09443E+02	 7.77600E+02
 3.10202E+02	 7.75200E+02
 3.10961E+02	 7.71400E+02
 3.11720E+02	 7.78000E+02
 3.12479E+02	 7.81200E+02
 3.13237E+02	 7.79200E+02
 3.13996E+02	 7.69000E+02
 3.14754E+02	 7.58800E+02
 3.15512E+02	 7.50600E+02
 3.16270E+02	 7.43600E+02
 3.17028E+02	 7.35400E+02
 3.17786E+02	 7.18400E+02
 3.18544E+02	 7.11600E+02
 3.19302E+02	 6.99800E+02
 3.20060E+02	 6.96000E+02
 3.20817E+02	 6.85200E+02
 3.21575E+02	 6.66600E+02
 3.22332E+02	 6.61400E+02
 3.23090E+02	 6.64400E+02
 3.23847E+02	 6.72000E+02
 3.24604E+02	 6.66800E+02
 3.25361E+02	 6.81800E+02
 3.26118E+02	 6.91800E+02
 3.26875E+02	 6.92200E+02
 3.27631E+02	 6.91600E+02
 3.28388E+02	 6.98400E+02
 3.29145E+02	 6.95400E+02
 3.29901E+02	 7.09000E+02
 3.30657E+02	 7.11400E+02
 3.31414E+02	 7.06400E+02
 3.32170E+02	 7.04000E+02
 3.32926E+02	 7.01400E+02
 3.33682E+02	 7.06800E+02
 3.34438E+02	 7.12000E+02
 3.35193E+02	 7.19200E+02
 3.35949E+02	 7.30800E+02
 3.36705E+02	 7.41200E+02
 3.37460E+02	 7.58800E+02
 3.38215E+02	 7.58800E+02
 3.38971E+02	 7.64200E+02
 3.39726E+02	 7.50800E+02
 3.40481E+02	 7.44400E+02
 3.41236E+02	 7.37200E+02
 3.41991E+02	 7.20400E+02
 3.42746E+02	 7.16400E+02
 3.43500E+02	 6.98000E+02
 3.44255E+02	 6.89200E+02
 3.45009E+02	 6.79200E+02
 3.45764E+02	 6.86800E+02
 3.46518E+02	 6.73400E+02
 3.47272E+02	 6.72400E+02
 3.48027E+02	 6.65000E+02
 3.48781E+02	 6.68800E+02
 3.49535E+02	 6.57600E+02
 3.50288E+02	 6.62800E+02
 3.51042E+02	 6.55600E+02
 3.51796E+02	 6.53200E+02
 3.52549E+02	 6.54000E+02
 3.53303E+02	 6.65200E+02
 3.54056E+02	 6.61200E+02
 3.54809E+02	 6.60800E+02
 3.55563E+02	 6.47000E+02
 3.56316E+02	 6.48400E+02
 3.57069E+02	 6.61800E+02
 3.57822E+02	 6.63800E+02
 3.58574E+02	 6.57000E+02
 3.59327E+02	 6.66200E+02
 3.60080E+02	 6.63600E+02
 3.60832E+02	 6.72800E+02
 3.61585E+02	 6.71600E+02
 3.62337E+02	 6.72000E+02
 3.63089E+02	 6.79400E+02
 3.63841E+02	 6.81200E+02
 3.64593E+02	 6.98200E+02
 3.65345E+02	 7.02800E+02
 3.66097E+02	 7.19600E+02
 3.66849E+02	 7.24200E+02
 3.67600E+02	 7.38600E+02
 3.68352E+02	 7.60200E+02
 3.69104E+02	 7.76600E+02
 3.69855E+02	 7.84000E+02
 3.70606E+02	 7.90200E+02
 3.71357E+02	 7.94400E+02
 3.72108E+02	 7.97400E+02
 3.72859E+02	 7.96800E+02
 3.73610E+02	 7.68200E+02
 3.74361E+02	 7.45800E+02
 3.75112E+02	 7.27200E+02
 3.75862E+02	 7.10800E+02
 3.76613E+02	 6.99600E+02
 3.77363E+02	 6.89800E+02
 3.78114E+02	 6.81000E+02
 3.78864E+02	 6.71600E+02
 3.79614E+02	 6.65200E+02
 3.80364E+02	 6.53200E+02
 3.81114E+02	 6.61200E+02
 3.81864E+02	 6.61400E+02
 3.82613E+02	 6.52600E+02
 3.83363E+02	 6.51800E+02
 3.84113E+02	 6.41000E+02
 3.84862E+02	 6.41200E+02
 3.85611E+02	 6.41800E+02
 3.86361E+02	 6.36400E+02
 3.87110E+02	 6.31200E+02
 3.87859E+02	 6.27000E+02
 3.88608E+02	 6.31600E+02
 3.89357E+02	 6.21800E+02
 3.90106E+02	 6.27600E+02
 3.90854E+02	 6.23400E+02
 3.91603E+02	 6.24600E+02
 3.92351E+02	 6.13400E+02
 3.93100E+02	 6.24400E+02
 3.93848E+02	 6.17200E+02
 3.94596E+02	 6.17400E+02
 3.95344E+02	 6.15000E+02
 3.96092E+02	 6.13400E+02
 3.96840E+02	 6.17000E+02
 3.97588E+02	 6.14800E+02
 3.98336E+02	 6.19000E+02
 3.99084E+02	 6.17200E+02
 3.99831E+02	 6.18000E+02
 4.00579E+02	 6.22200E+02
 4.01326E+02	 6.34200E+02
 4.02073E+02	 6.32200E+02
 4.02820E+02	 6.39200E+02
 4.03567E+02	 6.38200E+02
 4.04314E+02	 6.49600E+02
 4.05061E+02	 6.63200E+02
 4.05808E+02	 6.67400E+02
 4.06555E+02	 6.80600E+02
 4.07301E+02	 6.92200E+02
 4.08048E+02	 6.99400E+02
 4.08794E+02	 7.21200E+02
 4.09541E+02	 7.39200E+02
 4.10287E+02	 7.56000E+02
 4.11033E+02	 7.69600E+02
 4.11779E+02	 7.94600E+02
 4.12525E+02	 8.24200E+02
 4.13271E+02	 8.59800E+02
 4.14016E+02	 8.70000E+02
 4.14762E+02	 9.17000E+02
 4.15508E+02	 9.47200E+02
 4.16253E+02	 9.60400E+02
 4.16998E+02	 9.94000E+02
 4.17744E+02	 9.92200E+02
 4.18489E+02	 1.01940E+03
 4.19234E+02	 1.03520E+03
 4.19979E+02	 1.05840E+03
 4.20724E+02	 1.06720E+03
 4.21469E+02	 1.08540E+03
 4.22213E+02	 1.10720E+03
 4.22958E+02	 1.08960E+03
 4.23702E+02	 1.11080E+03
 4.24447E+02	 1.11620E+03
 4.25191E+02	 1.10040E+03
 4.25935E+02	 1.09300E+03
 4.26679E+02	 1.09340E+03
 4.27424E+02	 1.07540E+03
 4.28167E+02	 1.10080E+03
 4.28911E+02	 1.07080E+03
 4.29655E+02	 1.06320E+03
 4.30399E+02	 1.06260E+03
 4.31142E+02	 1.05640E+03
 4.31886E+02	 1.04680E+03
 4.32629E+02	 1.03360E+03
 4.33372E+02	 1.02020E+03
 4.34116E+02	 9.91800E+02
 4.34859E+02	 9.82800E+02
 4.35602E+02	 9.41400E+02
 4.36345E+02	 9.28600E+02
 4.37087E+02	 9.04200E+02
 4.37830E+02	 8.90600E+02
 4.38573E+02	 8.49800E+02
 4.39315E+02	 8.19600E+02
 4.40058E+02	 8.14000E+02
 4.40800E+02	 7.95400E+02
 4.41542E+02	 7.92200E+02
 4.42284E+02	 7.61000E+02
 4.43026E+02	 7.50800E+02
 4.43768E+02	 7.37600E+02
 4.44510E+02	 7.25200E+02
 4.45252E+02	 7.20000E+02
 4.45994E+02	 7.11600E+02
 4.46735E+02	 7.02800E+02
 4.47477E+02	 6.91800E+02
 4.48218E+02	 6.89000E+02
 4.48959E+02	 6.74800E+02
 4.49701E+02	 6.74000E+02
 4.50442E+02	 6.61600E+02
 4.51183E+02	 6.60600E+02
 4.51924E+02	 6.54800E+02
 4.52664E+02	 6.51400E+02
 4.53405E+02	 6.48400E+02
 4.54146E+02	 6.36200E+02
 4.54886E+02	 6.37800E+02
 4.55627E+02	 6.39000E+02
 4.56367E+02	 6.34000E+02
 4.57107E+02	 6.37000E+02
 4.57847E+02	 6.37800E+02
 4.58587E+02	 6.42000E+02
 4.59327E+02	 6.28800E+02
 4.60067E+02	 6.24800E+02
 4.60807E+02	 6.28800E+02
 4.61547E+02	 6.20200E+02
 4.62286E+02	 6.20600E+02
 4.63026E+02	 6.28400E+02
 4.63765E+02	 6.29800E+02
 4.64505E+02	 6.21600E+02
 4.65244E+02	 6.32200E+02
 4.65983E+02	 6.33200E+02
 4.66722E+02	 6.31000E+02
 4.67461E+02	 6.26800E+02
 4.68200E+02	 6.25000E+02
 4.68938E+02	 6.31600E+02
 4.69677E+02	 6.26800E+02
 4.70416E+02	 6.29600E+02
 4.71154E+02	 6.23200E+02
 4.71892E+02	 6.31600E+02
 4.72631E+02	 6.31400E+02
 4.73369E+02	 6.25600E+02
 4.74107E+02	 6.32000E+02
 4.74845E+02	 6.32400E+02
 4.75583E+02	 6.35800E+02
 4.76321E+02	 6.31400E+02
 4.77058E+02	 6.36800E+02
 4.77796E+02	 6.37200E+02
 4.78533E+02	 6.49600E+02
 4.79271E+02	 6.47200E+02
 4.80008E+02	 6.55200E+02
 4.80745E+02	 6.45200E+02
 4.81483E+02	 6.47800E+02
 4.82220E+02	 6.62400E+02
 4.82957E+02	 6.56800E+02
 4.83693E+02	 6.64400E+02
 4.84430E+02	 6.58600E+02
 4.85167E+02	 6.65200E+02
 4.85903E+02	 6.62600E+02
 4.86640E+02	 6.52800E+02
 4.87376E+02	 6.60800E+02
 4.88113E+02	 6.49800E+02
 4.88849E+02	 6.61800E+02
 4.89585E+02	 6.62800E+02
 4.90321E+02	 6.49800E+02
 4.91057E+02	 6.54200E+02
 4.91793E+02	 6.55200E+02
 4.92528E+02	 6.56600E+02
 4.93264E+02	 6.56400E+02
 4.94000E+02	 6.61400E+02
 4.94735E+02	 6.61800E+02
 4.95470E+02	 6.66600E+02
 4.96206E+02	 6.53200E+02
 4.96941E+02	 6.50800E+02
 4.97676E+02	 6.59600E+02
 4.98411E+02	 6.63600E+02
 4.99146E+02	 6.55400E+02
 4.99880E+02	 6.57400E+02
 5.00615E+02	 6.52600E+02
 5.01350E+02	 6.54000E+02
 5.02084E+02	 6.48800E+02
 5.02819E+02	 6.46400E+02
 5.03553E+02	 6.42200E+02
 5.04287E+02	 6.39400E+02
 5.05021E+02	 6.31000E+02
 5.05755E+02	 6.21400E+02
 5.06489E+02	 6.23200E+02
 5.07223E+02	 6.21400E+02
 5.07957E+02	 6.08600E+02
 5.08691E+02	 6.05600E+02
 5.09424E+02	 6.06200E+02
 5.10158E+02	 5.99800E+02
 5.10891E+02	 5.97000E+02
 5.11624E+02	 5.94400E+02
 5.12358E+02	 5.92000E+02
 5.13091E+02	 5.89800E+02
 5.13824E+02	 5.96400E+02
 5.14557E+02	 6.01400E+02
 5.15289E+02	 5.84600E+02
 5.16022E+02	 5.86200E+02
 5.16755E+02	 5.83200E+02
 5.17487E+02	 5.86000E+02
 5.18220E+02	 5.85000E+02
 5.18952E+02	 5.82000E+02
 5.19684E+02	 5.86400E+02
 5.20416E+02	 5.88800E+02
 5.21149E+02	 5.86400E+02
 5.21881E+02	 5.93400E+02
 5.22612E+02	 5.95800E+02
 5.23344E+02	 6.00200E+02
 5.24076E+02	 5.97600E+02
 5.24807E+02	 6.04400E+02
 5.25539E+02	 6.09400E+02
 5.26270E+02	 6.16400E+02
 5.27002E+02	 6.13400E+02
 5.27733E+02	 6.09600E+02
 5.28464E+02	 6.12400E+02
 5.29195E+02	 6.02200E+02
 5.29926E+02	 6.05000E+02
 5.30657E+02	 6.02000E+02
 5.31388E+02	 5.95000E+02
 5.32118E+02	 5.86000E+02
 5.32849E+02	 5.76000E+02
 5.33579E+02	 5.71800E+02
 5.34310E+02	 5.77400E+02
 5.35040E+02	 5.63600E+02
 5.35770E+02	 5.64600E+02
 5.36500E+02	 5.60200E+02
 5.37230E+02	 5.57000E+02
 5.37960E+02	 5.60400E+02
 5.38690E+02	 5.56600E+02
 5.39420E+02	 5.48000E+02
 5.40149E+02	 5.49800E+02
 5.40879E+02	 5.44600E+02
 5.41608E+02	 5.45800E+02
 5.42338E+02	 5.41000E+02
 5.43067E+02	 5.44600E+02
 5.43796E+02	 5.42000E+02
 5.44525E+02	 5.37800E+02
 5.45254E+02	 5.42800E+02
 5.45983E+02	 5.36800E+02
 5.46712E+02	 5.34800E+02
 5.47441E+02	 5.39600E+02
 5.48169E+02	 5.39800E+02
 5.48898E+02	 5.39000E+02
 5.49626E+02	 5.39200E+02
 5.50355E+02	 5.38200E+02
 5.51083E+02	 5.36800E+02
 5.51811E+02	 5.39000E+02
 5.52539E+02	 5.42600E+02
 5.53267E+02	 5.36000E+02
 5.53995E+02	 5.38000E+02
 5.54723E+02	 5.35400E+02
 5.55450E+02	 5.35600E+02
 5.56178E+02	 5.35200E+02
 5.56905E+02	 5.38400E+02
 5.57633E+02	 5.43800E+02
 5.58360E+02	 5.47000E+02
 5.59087E+02	 5.38600E+02
 5.59814E+02	 5.40400E+02
 5.60541E+02	 5.40600E+02
 5.61268E+02	 5.40600E+02
 5.61995E+02	 5.39400E+02
 5.62722E+02	 5.40800E+02
 5.63449E+02	 5.39600E+02
 5.64175E+02	 5.39800E+02
 5.64902E+02	 5.47600E+02
 5.65628E+02	 5.43200E+02
 5.66354E+02	 5.43000E+02
 5.67080E+02	 5.43400E+02
 5.67807E+02	 5.40800E+02
 5.68533E+02	 5.36800E+02
 5.69259E+02	 5.41400E+02
 5.69984E+02	 5.42800E+02
 5.70710E+02	 5.44200E+02
 5.71436E+02	 5.42400E+02
 5.72161E+02	 5.36800E+02
 5.72887E+02	 5.43200E+02
 5.73612E+02	 5.31800E+02
 5.74337E+02	 5.41800E+02
 5.75062E+02	 5.37000E+02
 5.75787E+02	 5.36200E+02
 5.76512E+02	 5.37400E+02
 5.77237E+02	 5.34600E+02
 5.77962E+02	 5.44400E+02
 5.78687E+02	 5.41000E+02
 5.79411E+02	 5.44200E+02
 5.80136E+02	 5.37800E+02
 5.80860E+02	 5.34400E+02
 5.81585E+02	 5.30600E+02
 5.82309E+02	 5.34200E+02
 5.83033E+02	 5.32800E+02
 5.83757E+02	 5.38800E+02
 5.84481E+02	 5.43200E+02
 5.85205E+02	 5.37000E+02
 5.85929E+02	 5.36600E+02
 5.86652E+02	 5.33400E+02
 5.87376E+02	 5.39000E+02
 5.88100E+02	 5.40600E+02
 5.88823E+02	 5.46000E+02
 5.89546E+02	 5.43000E+02
 5.90269E+02	 5.44400E+02
 5.90993E+02	 5.41000E+02
 5.91716E+02	 5.42600E+02
 5.92439E+02	 5.41400E+02
 5.93161E+02	 5.46200E+02
 5.93884E+02	 5.46200E+02
 5.94607E+02	 5.52800E+02
 5.95329E+02	 5.55800E+02
 5.96052E+02	 5.51400E+02
 5.96774E+02	 5.50000E+02
 5.97496E+02	 5.55600E+02
 5.98219E+02	 5.57800E+02
 5.98941E+02	 5.52800E+02
 5.99663E+02	 5.52400E+02
 6.00385E+02	 5.54800E+02
 6.01107E+02	 5.59800E+02
 6.01828E+02	 5.60200E+02
 6.02550E+02	 5.61400E+02
 6.03271E+02	 5.61400E+02
 6.03993E+02	 5.58600E+02
 6.04714E+02	 5.51600E+02
 6.05436E+02	 5.49200E+02
 6.06157E+02	 5.55800E+02
 6.06878E+02	 5.51000E+02
 6.07599E+02	 5.55200E+02
 6.08320E+02	 5.52800E+02
 6.09040E+02	 5.52000E+02
 6.09761E+02	 5.51400E+02
 6.10482E+02	 5.52400E+02
 6.11202E+02	 5.45000E+02
 6.11923E+02	 5.40800E+02
 6.12643E+02	 5.45000E+02
 6.13363E+02	 5.41600E+02
 6.14084E+02	 5.39600E+02
 6.14804E+02	 5.35400E+02
 6.15524E+02	 5.35800E+02
 6.16243E+02	 5.42000E+02
 6.16963E+02	 5.34600E+02
 6.17683E+02	 5.39600E+02
 6.18403E+02	 5.28800E+02
 6.19122E+02	 5.32800E+02
 6.19841E+02	 5.28600E+02
 6.20561E+02	 5.28000E+02
 6.21280E+02	 5.24400E+02
 6.21999E+02	 5.28800E+02
 6.22718E+02	 5.28200E+02
 6.23437E+02	 5.35000E+02
 6.24156E+02	 5.30000E+02
 6.24875E+02	 5.23400E+02
 6.25593E+02	 5.25400E+02
 6.26312E+02	 5.23600E+02
 6.27031E+02	 5.24000E+02
 6.27749E+02	 5.19600E+02
 6.28467E+02	 5.23800E+02
 6.29185E+02	 5.26200E+02
 6.29904E+02	 5.26600E+02
 6.30622E+02	 5.22000E+02
 6.31340E+02	 5.18400E+02
 6.32057E+02	 5.22000E+02
 6.32775E+02	 5.17200E+02
 6.33493E+02	 5.16400E+02
 6.34210E+02	 5.15600E+02
 6.34928E+02	 5.22000E+02
 6.35645E+02	 5.23200E+02
 6.36363E+02	 5.14400E+02
 6.37080E+02	 5.16600E+02
 6.37797E+02	 5.25400E+02
 6.38514E+02	 5.20200E+02
 6.39231E+02	 5.22400E+02
 6.39948E+02	 5.19800E+02
 6.40664E+02	 5.17600E+02
 6.41381E+02	 5.23400E+02
 6.42098E+02	 5.16800E+02
 6.42814E+02	 5.24200E+02
 6.43530E+02	 5.21200E+02
 6.44247E+02	 5.23600E+02
 6.44963E+02	 5.20800E+02
 6.45679E+02	 5.25600E+02
 6.46395E+02	 5.24000E+02
 6.47111E+02	 5.23800E+02
 6.47827E+02	 5.21600E+02
 6.48543E+02	 5.33400E+02
 6.49258E+02	 5.27800E+02
 6.49974E+02	 5.28600E+02
 6.50689E+02	 5.30200E+02
 6.51405E+02	 5.30600E+02
 6.52120E+02	 5.24000E+02
 6.52835E+02	 5.24200E+02
 6.53550E+02	 5.28600E+02
 6.54265E+02	 5.31800E+02
 6.54980E+02	 5.30600E+02
 6.55695E+02	 5.37000E+02
 6.56409E+02	 5.36000E+02
 6.57124E+02	 5.31000E+02
 6.57839E+02	 5.35600E+02
 6.58553E+02	 5.38000E+02
 6.59267E+02	 5.38600E+02
 6.59982E+02	 5.34400E+02
 6.60696E+02	 5.36800E+02
 6.61410E+02	 5.33200E+02
 6.62124E+02	 5.37000E+02
 6.62838E+02	 5.32200E+02
 6.63552E+02	 5.33800E+02
 6.64265E+02	 5.29600E+02
 6.64979E+02	 5.33600E+02
 6.65692E+02	 5.30000E+02
 6.66406E+02	 5.30600E+02
 6.67119E+02	 5.38600E+02
 6.67832E+02	 5.33800E+02
 6.68546E+02	 5.27400E+02
 6.69259E+02	 5.33200E+02
 6.69972E+02	 5.32600E+02
 6.70685E+02	 5.32400E+02
 6.71397E+02	 5.33000E+02
 6.72110E+02	 5.28200E+02
 6.72823E+02	 5.37400E+02
 6.73535E+02	 5.31000E+02
 6.74248E+02	 5.30800E+02
 6.74960E+02	 5.34200E+02
 6.75672E+02	 5.32800E+02
 6.76384E+02	 5.34200E+02
 6.77096E+02	 5.38800E+02
 6.77808E+02	 5.33600E+02
 6.78520E+02	 5.39800E+02
 6.79232E+02	 5.41000E+02
 6.79944E+02	 5.38200E+02
 6.80655E+02	 5.40600E+02
 6.81367E+02	 5.35600E+02
 6.82078E+02	 5.50000E+02
 6.82789E+02	 5.47800E+02
 6.83501E+02	 5.50600E+02
 6.84212E+02	 5.58400E+02
 6.84923E+02	 5.53000E+02
 6.85634E+02	 5.57000E+02
 6.86345E+02	 5.60200E+02
 6.87055E+02	 5.61800E+02
 6.87766E+02	 5.66800E+02
 6.88477E+02	 5.68600E+02
 6.89187E+02	 5.63000E+02
 6.89898E+02	 5.69000E+02
 6.90608E+02	 5.76800E+02
 6.91318E+02	 5.70800E+02
 6.92028E+02	 5.64800E+02
 6.92738E+02	 5.70200E+02
 6.93448E+02	 5.71400E+02
 6.94158E+02	 5.61800E+02
 6.94868E+02	 5.59800E+02
 6.95578E+02	 5.59200E+02
 6.96287E+02	 5.59800E+02
 6.96997E+02	 5.60200E+02
 6.97706E+02	 5.58200E+02
 6.98415E+02	 5.52400E+02
 6.99125E+02	 5.55400E+02
 6.99834E+02	 5.56000E+02
 7.00543E+02	 5.58200E+02
 7.01252E+02	 5.60400E+02
 7.01961E+02	 5.65400E+02
 7.02669E+02	 5.59800E+02
 7.03378E+02	 5.68600E+02
 7.04087E+02	 5.71000E+02
 7.04795E+02	 5.69600E+02
 7.05503E+02	 5.73200E+02
 7.06212E+02	 5.74400E+02
 7.06920E+02	 5.91400E+02
 7.07628E+02	 5.83600E+02
 7.08336E+02	 5.79400E+02
 7.09044E+02	 5.97000E+02
 7.09752E+02	 6.04600E+02
 7.10460E+02	 6.10600E+02
 7.11167E+02	 6.17400E+02
 7.11875E+02	 6.28600E+02
 7.12582E+02	 6.36600E+02
 7.13290E+02	 6.36400E+02
 7.13997E+02	 6.54600E+02
 7.14704E+02	 6.72200E+02
 7.15411E+02	 6.81200E+02
 7.16118E+02	 6.90400E+02
 7.16825E+02	 7.08000E+02
 7.17532E+02	 7.09600E+02
 7.18239E+02	 7.18400E+02
 7.18946E+02	 7.27400E+02
 7.19652E+02	 7.19000E+02
 7.20359E+02	 7.14400E+02
 7.21065E+02	 7.11600E+02
 7.21771E+02	 7.04800E+02
 7.22477E+02	 7.02600E+02
 7.23184E+02	 6.86800E+02
 7.23890E+02	 6.81000E+02
 7.24596E+02	 6.70800E+02
 7.25301E+02	 6.62800E+02
 7.26007E+02	 6.59000E+02
 7.26713E+02	 6.58400E+02
 7.27418E+02	 6.53200E+02
 7.28124E+02	 6.53200E+02
 7.28829E+02	 6.46800E+02
 7.29535E+02	 6.56400E+02
 7.30240E+02	 6.59800E+02
 7.30945E+02	 6.59400E+02
 7.31650E+02	 6.70200E+02
 7.32355E+02	 6.71400E+02
 7.33060E+02	 6.89800E+02
 7.33764E+02	 6.84000E+02
 7.34469E+02	 7.03600E+02
 7.35174E+02	 7.21600E+02
 7.35878E+02	 7.28400E+02
 7.36582E+02	 7.49400E+02
 7.37287E+02	 7.80800E+02
 7.37991E+02	 8.11000E+02
 7.38695E+02	 8.35400E+02
 7.39399E+02	 8.60000E+02
 7.40103E+02	 8.99200E+02
 7.40807E+02	 9.39000E+02
 7.41511E+02	 9.66200E+02
 7.42214E+02	 9.73800E+02
 7.42918E+02	 9.94400E+02
 7.43621E+02	 9.88000E+02
 7.44325E+02	 9.97800E+02
 7.45028E+02	 9.64800E+02
 7.45731E+02	 9.37400E+02
 7.46434E+02	 9.24200E+02
 7.47137E+02	 8.88400E+02
 7.47840E+02	 8.46600E+02
 7.48543E+02	 8.07800E+02
 7.49246E+02	 7.92200E+02
 7.49948E+02	 7.86000E+02
 7.50651E+02	 7.58200E+02
 7.51354E+02	 7.47600E+02
 7.52056E+02	 7.43400E+02
 7.52758E+02	 7.21200E+02
 7.53460E+02	 7.07400E+02
 7.54163E+02	 6.91200E+02
 7.54865E+02	 6.84800E+02
 7.55566E+02	 6.87400E+02
 7.56268E+02	 6.76000E+02
 7.56970E+02	 6.71200E+02
 7.57672E+02	 6.58200E+02
 7.58373E+02	 6.65400E+02
 7.59075E+02	 6.58200E+02
 7.59776E+02	 6.52800E+02
 7.60477E+02	 6.53400E+02
 7.61179E+02	 6.51200E+02
 7.61880E+02	 6.38000E+02
 7.62581E+02	 6.41400E+02
 7.63282E+02	 6.37800E+02
 7.63983E+02	 6.43200E+02
 7.64683E+02	 6.38600E+02
 7.65384E+02	 6.52400E+02
 7.66085E+02	 6.46200E+02
 7.66785E+02	 6.45400E+02
 7.67485E+02	 6.68400E+02
 7.68186E+02	 6.56200E+02
 7.68886E+02	 6.70800E+02
 7.69586E+02	 6.89400E+02
 7.70286E+02	 6.86200E+02
 7.70986E+02	 6.99800E+02
 7.71686E+02	 7.08000E+02
 7.72386E+02	 7.04000E+02
 7.73085E+02	 7.26200E+02
 7.73785E+02	 7.36800E+02
 7.74484E+02	 7.44400E+02
 7.75184E+02	 7.56800E+02
 7.75883E+02	 7.79000E+02
 7.76582E+02	 7.69000E+02
 7.77281E+02	 7.92600E+02
 7.77980E+02	 7.84800E+02
 7.78679E+02	 7.80000E+02
 7.79378E+02	 7.76000E+02
 7.80077E+02	 7.63000E+02
 7.80776E+02	 7.55000E+02
 7.81474E+02	 7.42200E+02
 7.82173E+02	 7.12000E+02
 7.82871E+02	 7.13000E+02
 7.83569E+02	 6.97000E+02
 7.84268E+02	 6.85400E+02
 7.84966E+02	 6.68000E+02
 7.85664E+02	 6.70600E+02
 7.86362E+02	 6.49400E+02
 7.87060E+02	 6.51400E+02
 7.87757E+02	 6.43000E+02
 7.88455E+02	 6.46600E+02
 7.89153E+02	 6.36600E+02
 7.89850E+02	 6.34200E+02
 7.90548E+02	 6.27800E+02
 7.91245E+02	 6.20400E+02
 7.91942E+02	 6.17400E+02
 7.92639E+02	 6.20800E+02
 7.93336E+02	 6.20400E+02
 7.94033E+02	 6.18000E+02
 7.94730E+02	 6.18200E+02
 7.95427E+02	 6.26000E+02
 7.96124E+02	 6.34400E+02
 7.96820E+02	 6.33400E+02
 7.97517E+02	 6.36600E+02
 7.98213E+02	 6.39200E+02
 7.98910E+02	 6.55400E+02
 7.99606E+02	 6.66400E+02
 8.00302E+02	 6.70600E+02
 8.00998E+02	 6.85800E+02
 8.01694E+02	 7.07400E+02
 8.02390E+02	 7.08400E+02
 8.03086E+02	 7.41800E+02
 8.03781E+02	 7.41000E+02
 8.04477E+02	 7.53200E+02
 8.05172E+02	 7.75800E+02
 8.05868E+02	 7.77800E+02
 8.06563E+02	 7.83800E+02
 8.07258E+02	 7.73400E+02
 8.07954E+02	 7.62400E+02
 8.08649E+02	 7.51800E+02
 8.09344E+02	 7.41800E+02
 8.10038E+02	 7.33000E+02
 8.10733E+02	 7.25000E+02
 8.11428E+02	 7.16000E+02
 8.12123E+02	 6.98600E+02
 8.12817E+02	 6.82200E+02
 8.13512E+02	 6.73600E+02
 8.14206E+02	 6.75400E+02
 8.14900E+02	 6.65000E+02
 8.15594E+02	 6.66200E+02
 8.16288E+02	 6.59000E+02
 8.16982E+02	 6.64600E+02
 8.17676E+02	 6.60800E+02
 8.18370E+02	 6.75200E+02
 8.19064E+02	 6.77600E+02
 8.19757E+02	 6.72000E+02
 8.20451E+02	 6.74400E+02
 8.21144E+02	 6.87800E+02
 8.21838E+02	 7.05000E+02
 8.22531E+02	 7.12600E+02
 8.23224E+02	 7.29200E+02
 8.23917E+02	 7.42600E+02
 8.24610E+02	 7.76200E+02
 8.25303E+02	 7.86800E+02
 8.25996E+02	 8.20600E+02
 8.26689E+02	 8.54200E+02
 8.27381E+02	 9.11000E+02
 8.28074E+02	 9.54400E+02
 8.28766E+02	 1.02460E+03
 8.29459E+02	 1.10180E+03
 8.30151E+02	 1.17740E+03
 8.30843E+02	 1.30940E+03
 8.31535E+02	 1.43320E+03
 8.32227E+02	 1.58800E+03
 8.32919E+02	 1.76080E+03
 8.33611E+02	 1.87700E+03
 8.34303E+02	 1.96900E+03
 8.34994E+02	 2.05180E+03
 8.35686E+02	 2.03100E+03
 8.36377E+02	 1.97840E+03
 8.37069E+02	 1.85240E+03
 8.37760E+02	 1.75140E+03
 8.38451E+02	 1.60400E+03
 8.39142E+02	 1.46820E+03
 8.39833E+02	 1.34540E+03
 8.40524E+02	 1.23800E+03
 8.41215E+02	 1.14160E+03
 8.41906E+02	 1.06240E+03
 8.42597E+02	 1.01080E+03
 8.43287E+02	 9.59400E+02
 8.43978E+02	 9.36800E+02
 8.44668E+02	 9.05000E+02
 8.45358E+02	 8.78800E+02
 8.46049E+02	 8.62000E+02
 8.46739E+02	 8.66400E+02
 8.47429E+02	 8.81600E+02
 8.48119E+02	 8.76800E+02
 8.48809E+02	 8.82800E+02
 8.49498E+02	 8.93800E+02
 8.50188E+02	 9.16200E+02
 8.50878E+02	 8.98800E+02
 8.51567E+02	 9.02600E+02
 8.52257E+02	 9.06400E+02
 8.52946E+02	 9.01400E+02
 8.53635E+02	 8.94200E+02
 8.54324E+02	 8.96600E+02
 8.55013E+02	 8.95000E+02
 8.55702E+02	 8.85200E+02
 8.56391E+02	 8.87200E+02
 8.57080E+02	 8.84200E+02
 8.57769E+02	 8.60200E+02
 8.58457E+02	 8.39000E+02
 8.59146E+02	 8.33000E+02
 8.59834E+02	 8.14000E+02
 8.60523E+02	 8.18000E+02
 8.61211E+02	 8.05400E+02
 8.61899E+02	 8.22800E+02
 8.62587E+02	 8.32000E+02
 8.63275E+02	 8.40400E+02
 8.63963E+02	 8.49800E+02
 8.64651E+02	 8.84600E+02
 8.65338E+02	 8.89000E+02
 8.66026E+02	 8.95400E+02
 8.66714E+02	 8.79000E+02
 8.67401E+02	 8.65800E+02
 8.68088E+02	 8.67800E+02
 8.68776E+02	 8.69800E+02
 8.69463E+02	 8.67600E+02
 8.70150E+02	 8.51800E+02
 8.70837E+02	 8.63200E+02
 8.71524E+02	 8.47000E+02
 8.72211E+02	 8.49600E+02
 8.72897E+02	 8.25000E+02
 8.73584E+02	 8.20800E+02
 8.74270E+02	 8.05400E+02
 8.74957E+02	 7.80400E+02
 8.75643E+02	 7.59000E+02
 8.76330E+02	 7.43400E+02
 8.77016E+02	 7.21400E+02
 8.77702E+02	 7.13800E+02
 8.78388E+02	 6.85200E+02
 8.79074E+02	 6.79400E+02
 8.79760E+02	 6.64200E+02
 8.80445E+02	 6.60800E+02
 8.81131E+02	 6.56000E+02
 8.81817E+02	 6.56400E+02
 8.82502E+02	 6.52400E+02
 8.83188E+02	 6.52800E+02
 8.83873E+02	 6.60000E+02
 8.84558E+02	 6.53400E+02
 8.85243E+02	 6.53800E+02
 8.85928E+02	 6.62800E+02
 8.86613E+02	 6.71400E+02
 8.87298E+02	 6.57800E+02
 8.87983E+02	 6.80200E+02
 8.88667E+02	 6.71200E+02
 8.89352E+02	 6.94600E+02
 8.90037E+02	 7.10600E+02
 8.90721E+02	 7.19600E+02
 8.91405E+02	 7.38200E+02
 8.92090E+02	 7.55000E+02
 8.92774E+02	 7.63600E+02
 8.93458E+02	 7.92600E+02
 8.94142E+02	 8.11600E+02
 8.94826E+02	 8.59000E+02
 8.95509E+02	 8.97200E+02
 8.96193E+02	 9.38800E+02
 8.96877E+02	 9.71000E+02
 8.97560E+02	 1.01500E+03
 8.98244E+02	 1.04140E+03
 8.98927E+02	 1.03300E+03
 8.99610E+02	 1.05700E+03
 9.00293E+02	 1.02920E+03
 9.00977E+02	 1.00520E+03
 9.01660E+02	 9.54800E+02
 9.02342E+02	 9.26800E+02
 9.03025E+02	 9.03400E+02
 9.03708E+02	 8.55200E+02
 9.04391E+02	 8.31800E+02
 9.05073E+02	 8.10000E+02
 9.05756E+02	 7.87200E+02
 9.06438E+02	 7.82600E+02
 9.07120E+02	 7.61600E+02
 9.07802E+02	 7.43600E+02
 9.08485E+02	 7.38600E+02
 9.09167E+02	 7.29800E+02
 9.09848E+02	 7.19200E+02
 9.10530E+02	 7.11800E+02
 9.11212E+02	 7.02800E+02
 9.11894E+02	 7.09400E+02
 9.12575E+02	 7.06000E+02
 9.13257E+02	 6.90600E+02
 9.13938E+02	 7.01800E+02
 9.14619E+02	 6.99200E+02
 9.15301E+02	 7.05600E+02
 9.15982E+02	 7.13000E+02
 9.16663E+02	 7.18400E+02
 9.17344E+02	 7.31000E+02
 9.18025E+02	 7.56400E+02
 9.18705E+02	 7.69000E+02
 9.19386E+02	 8.01400E+02
 9.20067E+02	 8.27200E+02
 9.20747E+02	 8.61400E+02
 9.21428E+02	 9.06000E+02
 9.22108E+02	 9.63000E+02
 9.22788E+02	 1.04400E+03
 9.23468E+02	 1.14520E+03
 9.24148E+02	 1.24400E+03
 9.24828E+02	 1.39900E+03
 9.25508E+02	 1.59320E+03
 9.26188E+02	 1.88260E+03
 9.26868E+02	 2.12380E+03
 9.27547E+02	 2.41140E+03
 9.28227E+02	 2.58320E+03
 9.28906E+02	 2.65800E+03
 9.29586E+02	 2.50560E+03
 9.30265E+02	 2.27100E+03
 9.30944E+02	 1.99780E+03
 9.31623E+02	 1.73840E+03
 9.32302E+02	 1.51580E+03
 9.32981E+02	 1.34140E+03
 9.33660E+02	 1.20840E+03
 9.34339E+02	 1.10980E+03
 9.35017E+02	 1.01920E+03
 9.35696E+02	 9.85400E+02
 9.36374E+02	 9.37600E+02
 9.37053E+02	 9.15400E+02
 9.37731E+02	 9.03800E+02
 9.38409E+02	 8.91600E+02
 9.39087E+02	 8.80200E+02
 9.39766E+02	 8.75800E+02
 9.40443E+02	 8.74400E+02
 9.41121E+02	 8.72600E+02
 9.41799E+02	 9.01000E+02
 9.42477E+02	 8.97400E+02
 9.43154E+02	 8.89200E+02
 9.43832E+02	 8.88000E+02
 9.44509E+02	 9.07600E+02
 9.45187E+02	 8.86600E+02
 9.45864E+02	 9.08200E+02
 9.46541E+02	 8.99400E+02
 9.47218E+02	 8.95200E+02
 9.47895E+02	 9.03800E+02
 9.48572E+02	 9.16400E+02
 9.49249E+02	 9.14200E+02
 9.49925E+02	 9.36200E+02
 9.50602E+02	 9.60000E+02
 9.51278E+02	 9.99600E+02
 9.51955E+02	 1.05460E+03
 9.52631E+02	 1.10720E+03
 9.53308E+02	 1.20140E+03
 9.53984E+02	 1.35080E+03
 9.54660E+02	 1.51960E+03
 9.55336E+02	 1.73140E+03
 9.56012E+02	 1.98720E+03
 9.56688E+02	 2.32840E+03
 9.57363E+02	 2.68940E+03
 9.58039E+02	 2.99360E+03
 9.58714E+02	 3.16780E+03
 9.59390E+02	 3.17780E+03
 9.60065E+02	 3.03440E+03
 9.60741E+02	 2.77480E+03
 9.61416E+02	 2.44200E+03
 9.62091E+02	 2.16720E+03
 9.62766E+02	 1.89360E+03
 9.63441E+02	 1.64680E+03
 9.64116E+02	 1.47520E+03
 9.64791E+02	 1.34140E+03
 9.65465E+02	 1.24860E+03
 9.66140E+02	 1.20120E+03
 9.66814E+02	 1.16300E+03
 9.67489E+02	 1.13440E+03
 9.68163E+02	 1.13520E+03
 9.68837E+02	 1.10540E+03
 9.69511E+02	 1.06540E+03
 9.70186E+02	 1.02160E+03
 9.70860E+02	 9.53800E+02
 9.71533E+02	 8.86400E+02
 9.72207E+02	 8.37200E+02
 9.72881E+02	 7.80000E+02
 9.73555E+02	 7.37400E+02
 9.74228E+02	 7.03800E+02
 9.74902E+02	 6.75600E+02
 9.75575E+02	 6.55200E+02
 9.76248E+02	 6.36000E+02
 9.76921E+02	 6.36000E+02
 9.77594E+02	 6.16800E+02
 9.78267E+02	 5.98800E+02
 9.78940E+02	 5.93200E+02
 9.79613E+02	 5.89600E+02
 9.80286E+02	 5.77200E+02
 9.80959E+02	 5.81800E+02
 9.81631E+02	 5.74000E+02
 9.82304E+02	 5.66200E+02
 9.82976E+02	 5.61200E+02
 9.83648E+02	 5.57400E+02
 9.84321E+02	 5.55600E+02
 9.84993E+02	 5.53600E+02
 9.85665E+02	 5.50400E+02
 9.86337E+02	 5.48400E+02
 9.87009E+02	 5.44000E+02
 9.87680E+02	 5.42000E+02
 9.88352E+02	 5.36600E+02
 9.89024E+02	 5.37000E+02
 9.89695E+02	 5.33400E+02
 9.90367E+02	 5.29000E+02
 9.91038E+02	 5.31600E+02
 9.91709E+02	 5.25800E+02
 9.92380E+02	 5.29800E+02
 9.93051E+02	 5.32600E+02
 9.93722E+02	 5.26800E+02
 9.94393E+02	 5.23000E+02
 9.95064E+02	 5.24800E+02
 9.95735E+02	 5.20000E+02
 9.96405E+02	 5.20200E+02
 9.97076E+02	 5.19000E+02
 9.97746E+02	 5.19400E+02
 9.98417E+02	 5.14800E+02
 9.99087E+02	 5.18400E+02
 9.99757E+02	 5.20200E+02
 1.00043E+03	 5.17200E+02
 1.00110E+03	 5.15000E+02
 1.00177E+03	 5.17000E+02
 1.00244E+03	 5.14800E+02
 1.00311E+03	 5.13400E+02
 1.00378E+03	 5.14200E+02
 1.00445E+03	 5.13400E+02
 1.00512E+03	 5.11800E+02
 1.00579E+03	 5.09400E+02
 1.00645E+03	 5.13200E+02
 1.00712E+03	 5.16000E+02
 1.00779E+03	 5.12800E+02
 1.00846E+03	 5.09200E+02
 1.00913E+03	 5.16200E+02
 1.00980E+03	 5.11800E+02
 1.01047E+03	 5.10000E+02
 1.01114E+03	 5.17400E+02
 1.01181E+03	 5.11600E+02
 1.01247E+03	 5.14000E+02
 1.01314E+03	 5.12400E+02
 1.01381E+03	 5.07000E+02
 1.01448E+03	 5.10200E+02
 1.01515E+03	 5.12400E+02
 1.01582E+03	 5.07200E+02
 1.01648E+03	 5.11800E+02
 1.01715E+03	 5.07200E+02
 1.01782E+03	 5.07200E+02
 1.01849E+03	 5.11200E+02
 1.01916E+03	 5.08400E+02
 1.01982E+03	 5.08800E+02
 1.02049E+03	 5.09200E+02
 1.02116E+03	 5.09400E+02
 1.02182E+03	 5.08400E+02
 1.02249E+03	 5.10000E+02
 1.02316E+03	 5.06200E+02
 1.02383E+03	 5.06800E+02
 1.02449E+03	 5.10400E+02
 1.02516E+03	 5.09400E+02
 1.02583E+03	 5.09200E+02
 1.02649E+03	 5.05200E+02
 1.02716E+03	 5.10400E+02
 1.02783E+03	 5.06000E+02
 1.02849E+03	 5.05400E+02
 1.02916E+03	 5.14000E+02
 1.02983E+03	 5.07800E+02
 1.03049E+03	 5.10200E+02
 1.03116E+03	 5.13800E+02
 1.03182E+03	 5.08600E+02
 1.03249E+03	 5.15200E+02
 1.03316E+03	 5.12600E+02
 1.03382E+03	 5.11000E+02
 1.03449E+03	 5.06000E+02
 1.03515E+03	 5.09800E+02
 1.03582E+03	 5.08400E+02
 1.03648E+03	 5.12200E+02
 1.03715E+03	 5.12800E+02
 1.03781E+03	 5.15800E+02
 1.03848E+03	 5.11200E+02
 1.03914E+03	 5.17600E+02
 1.03981E+03	 5.11000E+02
 1.04047E+03	 5.14400E+02
 1.04114E+03	 5.06800E+02
 1.04180E+03	 5.10600E+02
 1.04247E+03	 5.12400E+02
 1.04313E+03	 5.07400E+02
 1.04380E+03	 5.11800E+02
 1.04446E+03	 5.18600E+02
 1.04513E+03	 5.13400E+02
 1.04579E+03	 5.19000E+02
 1.04645E+03	 5.09600E+02
 1.04712E+03	 5.09800E+02
 1.04778E+03	 5.10000E+02
 1.04845E+03	 5.05800E+02
 1.04911E+03	 5.16000E+02
 1.04977E+03	 5.13000E+02
 1.05044E+03	 5.12000E+02
 1.05110E+03	 5.11400E+02
 1.05176E+03	 5.08800E+02
 1.05243E+03	 5.13600E+02
 1.05309E+03	 5.10000E+02
 1.05375E+03	 5.14400E+02
 1.05442E+03	 5.04800E+02
 1.05508E+03	 5.20600E+02
 1.05574E+03	 5.14800E+02
 1.05641E+03	 5.13400E+02
 1.05707E+03	 5.56600E+02
 1.05773E+03	 9.30400E+02
 1.05839E+03	 6.14000E+02
 1.05906E+03	 6.13200E+02
 1.05972E+03	 6.35600E+02
 1.06038E+03	 7.25400E+02
 1.06104E+03	 5.93000E+02
 1.06170E+03	 5.39400E+02
 1.06237E+03	 5.21000E+02
 1.06303E+03	 5.12400E+02
 1.06369E+03	 5.18200E+02
 1.06435E+03	 5.16400E+02
 1.06501E+03	 5.17800E+02
 1.06568E+03	 5.18600E+02
 1.06634E+03	 5.23200E+02
 1.06700E+03	 5.14000E+02
 1.06766E+03	 5.15400E+02
 1.06832E+03	 5.14600E+02
 1.06898E+03	 5.18200E+02
 1.06964E+03	 5.17400E+02
 1.07030E+03	 5.23400E+02
 1.07096E+03	 5.23000E+02
 1.07163E+03	 5.17000E+02
 1.07229E+03	 5.14400E+02
 1.07295E+03	 5.14200E+02
 1.07361E+03	 5.18800E+02
 1.07427E+03	 5.19400E+02
 1.07493E+03	 5.19600E+02
 1.07559E+03	 5.14400E+02
 1.07625E+03	 5.15600E+02
 1.07691E+03	 5.13400E+02
 1.07757E+03	 5.15400E+02
 1.07823E+03	 5.16600E+02
 1.07889E+03	 5.15200E+02
 1.07955E+03	 5.16800E+02
 1.08021E+03	 5.13000E+02
 1.08087E+03	 5.17600E+02
 1.08153E+03	 5.18000E+02
 1.08219E+03	 5.14400E+02
 1.08285E+03	 5.22800E+02
 1.08350E+03	 5.13800E+02
 1.08416E+03	 5.19200E+02
 1.08482E+03	 5.11000E+02
 1.08548E+03	 5.11400E+02
 1.08614E+03	 5.13000E+02
 1.08680E+03	 5.16000E+02
 1.08746E+03	 5.18400E+02
 1.08812E+03	 5.15000E+02
 1.08878E+03	 5.13800E+02
 1.08943E+03	 5.11200E+02
 1.09009E+03	 5.16600E+02
 1.09075E+03	 5.11000E+02
 1.09141E+03	 5.10600E+02
 1.09207E+03	 5.10400E+02
 1.09273E+03	 5.07800E+02
 1.09338E+03	 5.15200E+02
 1.09404E+03	 5.08000E+02
 1.09470E+03	 5.10600E+02
 1.09536E+03	 5.10000E+02
 1.09601E+03	 5.07600E+02
 1.09667E+03	 5.10000E+02
 1.09733E+03	 5.00800E+02
 1.09799E+03	 5.06400E+02
 1.09864E+03	 5.05400E+02
 1.09930E+03	 5.02400E+02
 1.09996E+03	 5.04400E+02
 1.10061E+03	 5.05600E+02
 1.10127E+03	 5.03000E+02
 1.10193E+03	 5.05200E+02
 1.10259E+03	 5.08400E+02
 1.10324E+03	 5.01800E+02
 1.10390E+03	 5.03000E+02
 1.10455E+03	 4.98600E+02
 1.10521E+03	 4.98600E+02
 1.10587E+03	 4.99800E+02
 1.10652E+03	 5.05800E+02
 1.10718E+03	 4.98200E+02
 1.10784E+03	 4.97400E+02
 1.10849E+03	 5.09000E+02
 1.10915E+03	 5.00600E+02
 1.10980E+03	 5.02400E+02
 1.11046E+03	 4.97400E+02
 1.11111E+03	 4.95800E+02
 1.11177E+03	 5.01000E+02
 1.11243E+03	 5.00400E+02
 1.11308E+03	 4.96800E+02
 1.11374E+03	 5.01000E+02
 1.11439E+03	 4.99800E+02
 1.11505E+03	 4.99400E+02
 1.11570E+03	 5.00000E+02
 1.11636E+03	 4.94400E+02
 1.11701E+03	 4.97200E+02
 1.11767E+03	 4.98200E+02
 1.11832E+03	 5.02200E+02
 1.11898E+03	 4.98400E+02
 1.11963E+03	 4.98200E+02
 1.12028E+03	 4.96200E+02
 1.12094E+03	 5.02200E+02
 1.12159E+03	 5.00000E+02
 1.12225E+03	 4.99200E+02
 1.12290E+03	 4.98200E+02
 1.12355E+03	 4.98000E+02
 1.12421E+03	 4.93200E+02
 1.12486E+03	 4.94400E+02
 1.12552E+03	 4.93800E+02
 1.12617E+03	 4.99400E+02
 1.12682E+03	 4.99800E+02
 1.12748E+03	 4.99800E+02
 1.12813E+03	 4.96600E+02
 1.12878E+03	 5.01600E+02
 1.12944E+03	 5.01400E+02
 1.13009E+03	 5.01600E+02
 1.13074E+03	 4.97800E+02
 1.13140E+03	 5.00400E+02
 1.13205E+03	 5.01200E+02
 1.13270E+03	 4.99800E+02
 1.13335E+03	 5.04400E+02
 1.13401E+03	 4.99600E+02
 1.13466E+03	 4.99800E+02
 1.13531E+03	 5.01000E+02
 1.13596E+03	 4.98000E+02
 1.13662E+03	 5.06800E+02
 1.13727E+03	 5.02600E+02
 1.13792E+03	 4.96600E+02
 1.13857E+03	 5.02000E+02
 1.13922E+03	 5.03800E+02
 1.13988E+03	 5.00000E+02
 1.14053E+03	 5.05800E+02
 1.14118E+03	 5.02400E+02
 1.14183E+03	 5.06800E+02
 1.14248E+03	 4.99800E+02
 1.14313E+03	 5.00600E+02
 1.14379E+03	 5.03200E+02
 1.14444E+03	 5.09800E+02
 1.14509E+03	 5.05600E+02
 1.14574E+03	 5.01600E+02
 1.14639E+03	 5.07600E+02
 1.14704E+03	 5.02200E+02
 1.14769E+03	 5.04400E+02
 1.14834E+03	 5.07000E+02
 1.14899E+03	 5.01000E+02
 1.14964E+03	 5.06400E+02
 1.15029E+03	 5.04400E+02
 1.15094E+03	 5.04600E+02
 1.15159E+03	 5.06200E+02
 1.15224E+03	 5.05800E+02
 1.15289E+03	 5.04400E+02
 1.15355E+03	 5.04200E+02
 1.15419E+03	 5.02200E+02
 1.15484E+03	 5.03400E+02
 1.15549E+03	 5.04400E+02
 1.15614E+03	 5.04200E+02
 1.15679E+03	 5.05200E+02
 1.15744E+03	 5.05000E+02
 1.15809E+03	 5.05400E+02
 1.15874E+03	 5.00400E+02
 1.15939E+03	 5.05800E+02
 1.16004E+03	 5.03800E+02
 1.16069E+03	 5.08400E+02
 1.16134E+03	 5.05400E+02
 1.16199E+03	 5.03600E+02
 1.16264E+03	 5.02000E+02
 1.16329E+03	 5.04000E+02
 1.16393E+03	 5.03200E+02
 1.16458E+03	 5.06600E+02
 1.16523E+03	 5.04000E+02
 1.16588E+03	 5.01800E+02
 1.16653E+03	 5.03000E+02
 1.16718E+03	 5.00000E+02
 1.16782E+03	 5.13200E+02
 1.16847E+03	 4.99800E+02
 1.16912E+03	 5.03400E+02
 1.16977E+03	 5.03400E+02
 1.17042E+03	 4.98200E+02
 1.17106E+03	 4.97200E+02
 1.17171E+03	 5.01600E+02
 1.17236E+03	 4.98000E+02
 1.17301E+03	 5.04200E+02
 1.17365E+03	 5.05800E+02
 1.17430E+03	 5.02200E+02
 1.17495E+03	 5.03200E+02
 1.17560E+03	 4.95800E+02
 1.17624E+03	 5.01200E+02
 1.17689E+03	 4.95800E+02
 1.17754E+03	 4.98000E+02
 1.17818E+03	 4.97000E+02
 1.17883E+03	 4.98000E+02
 1.17948E+03	 4.97200E+02
 1.18012E+03	 4.99800E+02
 1.18077E+03	 4.97000E+02
 1.18142E+03	 4.96600E+02
 1.18206E+03	 4.96400E+02
 1.18271E+03	 5.01400E+02
 1.18335E+03	 5.00000E+02
 1.18400E+03	 4.92800E+02
 1.18465E+03	 4.99400E+02
 1.18529E+03	 4.94600E+02
 1.18594E+03	 4.94200E+02
 1.18658E+03	 5.06200E+02
 1.18723E+03	 4.97800E+02
 1.18787E+03	 4.97400E+02
 1.18852E+03	 4.97000E+02
 1.18917E+03	 4.93600E+02
 1.18981E+03	 4.95000E+02
 1.19046E+03	 5.00400E+02
 1.19110E+03	 4.93600E+02
 1.19175E+03	 4.92200E+02
 1.19239E+03	 4.95800E+02
 1.19304E+03	 5.00400E+02
 1.19368E+03	 4.96200E+02
 1.19432E+03	 4.95800E+02
 1.19497E+03	 4.92000E+02
 1.19561E+03	 4.99400E+02
 1.19626E+03	 4.93800E+02
 1.19690E+03	 4.91000E+02
 1.19755E+03	 4.91400E+02
 1.19819E+03	 4.90200E+02
 1.19883E+03	 4.95600E+02
 1.19948E+03	 4.93200E+02
 1.20012E+03	 4.93200E+02
 1.20077E+03	 4.96000E+02
 1.20141E+03	 4.92600E+02
 1.20205E+03	 4.90400E+02
 1.20270E+03	 4.90600E+02
 1.20334E+03	 4.95200E+02
 1.20398E+03	 4.90600E+02
 1.20463E+03	 4.93200E+02
 1.20527E+03	 4.94200E+02
 1.20591E+03	 4.94000E+02
 1.20656E+03	 4.99600E+02
 1.20720E+03	 4.96600E+02
 1.20784E+03	 4.95000E+02
 1.20849E+03	 4.90400E+02
 1.20913E+03	 4.92800E+02
