 5.60011E+01	 5.25600E+02
 5.89260E+01	 5.23600E+02
 6.18499E+01	 5.22800E+02
 6.47729E+01	 5.20000E+02
 6.76949E+01	 5.32200E+02
 7.06160E+01	 5.50200E+02
 7.35361E+01	 5.87200E+02
 7.64553E+01	 6.94000E+02
 7.93735E+01	 8.72800E+02
 8.22907E+01	 1.11620E+03
 8.52070E+01	 1.50480E+03
 8.81223E+01	 1.78100E+03
 9.10367E+01	 1.95100E+03
 9.39501E+01	 2.03200E+03
 9.68626E+01	 2.07060E+03
 9.97741E+01	 2.18660E+03
 1.02685E+02	 2.14160E+03
 1.05594E+02	 2.12180E+03
 1.08503E+02	 2.30060E+03
 1.11411E+02	 2.49560E+03
 1.14317E+02	 2.54400E+03
 1.17223E+02	 2.61680E+03
 1.20128E+02	 2.78380E+03
 1.23032E+02	 3.09440E+03
 1.25935E+02	 3.71020E+03
 1.28837E+02	 4.46880E+03
 1.31738E+02	 4.73560E+03
 1.34638E+02	 4.61340E+03
 1.37537E+02	 4.12600E+03
 1.40436E+02	 3.43000E+03
 1.43333E+02	 2.84300E+03
 1.46229E+02	 2.37680E+03
 1.49125E+02	 2.08280E+03
 1.52019E+02	 1.89680E+03
 1.54913E+02	 1.78500E+03
 1.57805E+02	 1.74960E+03
 1.60697E+02	 1.76620E+03
 1.63587E+02	 1.85260E+03
 1.66477E+02	 2.01160E+03
 1.69366E+02	 2.16340E+03
 1.72254E+02	 2.33540E+03
 1.75141E+02	 2.39840E+03
 1.78027E+02	 2.32900E+03
 1.80912E+02	 2.16820E+03
 1.83796E+02	 1.92120E+03
 1.86679E+02	 1.68180E+03
 1.89561E+02	 1.52360E+03
 1.92442E+02	 1.44100E+03
 1.95323E+02	 1.46320E+03
 1.98202E+02	 1.54360E+03
 2.01081E+02	 1.70000E+03
 2.03958E+02	 1.86060E+03
 2.06835E+02	 2.01180E+03
 2.09710E+02	 2.14000E+03
 2.12585E+02	 2.19380E+03
 2.15459E+02	 2.20500E+03
 2.18332E+02	 2.22340E+03
 2.21203E+02	 2.27180E+03
 2.24074E+02	 2.35020E+03
 2.26944E+02	 2.35700E+03
 2.29814E+02	 2.29320E+03
 2.32682E+02	 2.19780E+03
 2.35549E+02	 2.07620E+03
 2.38415E+02	 1.92280E+03
 2.41281E+02	 1.85760E+03
 2.44145E+02	 1.84640E+03
 2.47009E+02	 1.91300E+03
 2.49871E+02	 2.03700E+03
 2.52733E+02	 2.07540E+03
 2.55593E+02	 1.94740E+03
 2.58453E+02	 1.78440E+03
 2.61312E+02	 1.58240E+03
 2.64170E+02	 1.40700E+03
 2.67027E+02	 1.27920E+03
 2.69883E+02	 1.22520E+03
 2.72738E+02	 1.19860E+03
 2.75593E+02	 1.19000E+03
 2.78446E+02	 1.22280E+03
 2.81298E+02	 1.19460E+03
 2.84150E+02	 1.19080E+03
 2.87000E+02	 1.20160E+03
 2.89850E+02	 1.18680E+03
 2.92698E+02	 1.17900E+03
 2.95546E+02	 1.21480E+03
 2.98393E+02	 1.27980E+03
 3.01239E+02	 1.37500E+03
 3.04084E+02	 1.46000E+03
 3.06928E+02	 1.55420E+03
 3.09771E+02	 1.72260E+03
 3.12613E+02	 1.84240E+03
 3.15455E+02	 1.94760E+03
 3.18295E+02	 1.99880E+03
 3.21134E+02	 2.00460E+03
 3.23973E+02	 1.88260E+03
 3.26811E+02	 1.74320E+03
 3.29647E+02	 1.63660E+03
 3.32483E+02	 1.58280E+03
 3.35318E+02	 1.60600E+03
 3.38152E+02	 1.66260E+03
 3.40985E+02	 1.69000E+03
 3.43817E+02	 1.68660E+03
 3.46648E+02	 1.68580E+03
 3.49478E+02	 1.57660E+03
 3.52308E+02	 1.46140E+03
 3.55136E+02	 1.38560E+03
 3.57964E+02	 1.33200E+03
 3.60790E+02	 1.29060E+03
 3.63616E+02	 1.29080E+03
 3.66441E+02	 1.31280E+03
 3.69265E+02	 1.41920E+03
 3.72088E+02	 1.54580E+03
 3.74910E+02	 1.66020E+03
 3.77731E+02	 1.68920E+03
 3.80551E+02	 1.59820E+03
 3.83371E+02	 1.52640E+03
 3.86189E+02	 1.43960E+03
 3.89007E+02	 1.32660E+03
 3.91823E+02	 1.25320E+03
 3.94639E+02	 1.17660E+03
 3.97454E+02	 1.13920E+03
 4.00267E+02	 1.09180E+03
 4.03080E+02	 1.07920E+03
 4.05893E+02	 1.10320E+03
 4.08704E+02	 1.12580E+03
 4.11514E+02	 1.20460E+03
 4.14323E+02	 1.38480E+03
 4.17132E+02	 1.58280E+03
 4.19939E+02	 1.83040E+03
 4.22746E+02	 2.01200E+03
 4.25552E+02	 2.24320E+03
 4.28356E+02	 2.41380E+03
 4.31160E+02	 2.54740E+03
 4.33963E+02	 2.56080E+03
 4.36765E+02	 2.48220E+03
 4.39567E+02	 2.29380E+03
 4.42367E+02	 2.07100E+03
 4.45166E+02	 1.82120E+03
 4.47965E+02	 1.59700E+03
 4.50762E+02	 1.41280E+03
 4.53559E+02	 1.31320E+03
 4.56355E+02	 1.23620E+03
 4.59150E+02	 1.20800E+03
 4.61944E+02	 1.14880E+03
 4.64737E+02	 1.09040E+03
 4.67529E+02	 1.09460E+03
 4.70320E+02	 1.08880E+03
 4.73111E+02	 1.09080E+03
 4.75900E+02	 1.09520E+03
 4.78689E+02	 1.10840E+03
 4.81477E+02	 1.11360E+03
 4.84264E+02	 1.13160E+03
 4.87049E+02	 1.11080E+03
 4.89835E+02	 1.11740E+03
 4.92619E+02	 1.13220E+03
 4.95402E+02	 1.12520E+03
 4.98184E+02	 1.11800E+03
 5.00966E+02	 1.10080E+03
 5.03746E+02	 1.03780E+03
 5.06526E+02	 1.02880E+03
 5.09305E+02	 9.91200E+02
 5.12083E+02	 9.67600E+02
 5.14860E+02	 9.36400E+02
 5.17636E+02	 9.11200E+02
 5.20411E+02	 8.83400E+02
 5.23185E+02	 9.01400E+02
 5.25959E+02	 9.49000E+02
 5.28731E+02	 1.01640E+03
 5.31503E+02	 1.06520E+03
 5.34274E+02	 1.07220E+03
 5.37044E+02	 1.04000E+03
 5.39813E+02	 9.75800E+02
 5.42581E+02	 9.06000E+02
 5.45348E+02	 8.34000E+02
 5.48114E+02	 7.96200E+02
 5.50880E+02	 7.60600E+02
 5.53644E+02	 7.29400E+02
 5.56408E+02	 7.27600E+02
 5.59171E+02	 7.18400E+02
 5.61933E+02	 7.15600E+02
 5.64694E+02	 7.33000E+02
 5.67454E+02	 7.36600E+02
 5.70213E+02	 7.33600E+02
 5.72971E+02	 7.25000E+02
 5.75729E+02	 7.25400E+02
 5.78486E+02	 7.15800E+02
 5.81241E+02	 7.17600E+02
 5.83996E+02	 7.15400E+02
 5.86750E+02	 7.16000E+02
 5.89503E+02	 7.32200E+02
 5.92255E+02	 7.39800E+02
 5.95007E+02	 7.43400E+02
 5.97757E+02	 7.38600E+02
 6.00507E+02	 7.65000E+02
 6.03255E+02	 7.55000E+02
 6.06003E+02	 7.59000E+02
 6.08750E+02	 7.46600E+02
 6.11496E+02	 7.21000E+02
 6.14241E+02	 7.15200E+02
 6.16986E+02	 6.89600E+02
 6.19729E+02	 6.86400E+02
 6.22472E+02	 6.80800E+02
 6.25213E+02	 6.76400E+02
 6.27954E+02	 6.60400E+02
 6.30694E+02	 6.60600E+02
 6.33433E+02	 6.51600E+02
 6.36171E+02	 6.50800E+02
 6.38909E+02	 6.47000E+02
 6.41645E+02	 6.50800E+02
 6.44381E+02	 6.55200E+02
 6.47115E+02	 6.53600E+02
 6.49849E+02	 6.69400E+02
 6.52582E+02	 6.65800E+02
 6.55314E+02	 6.66200E+02
 6.58045E+02	 6.74200E+02
 6.60776E+02	 6.88200E+02
 6.63505E+02	 6.89400E+02
 6.66234E+02	 7.06000E+02
 6.68961E+02	 7.06000E+02
 6.71688E+02	 7.14600E+02
 6.74414E+02	 7.15000E+02
 6.77139E+02	 7.26800E+02
 6.79864E+02	 7.55200E+02
 6.82587E+02	 7.77200E+02
 6.85310E+02	 8.13200E+02
 6.88031E+02	 8.64400E+02
 6.90752E+02	 9.19000E+02
 6.93472E+02	 9.63600E+02
 6.96191E+02	 9.71800E+02
 6.98909E+02	 9.69400E+02
 7.01626E+02	 9.70000E+02
 7.04343E+02	 9.56600E+02
 7.07059E+02	 9.68000E+02
 7.09773E+02	 1.03120E+03
 7.12487E+02	 1.10140E+03
 7.15200E+02	 1.23380E+03
 7.17912E+02	 1.40960E+03
 7.20624E+02	 1.59080E+03
 7.23334E+02	 1.75300E+03
 7.26044E+02	 1.75080E+03
 7.28752E+02	 1.60740E+03
 7.31460E+02	 1.50340E+03
 7.34167E+02	 1.44160E+03
 7.36873E+02	 1.49680E+03
 7.39579E+02	 1.67280E+03
 7.42283E+02	 2.01500E+03
 7.44986E+02	 2.40580E+03
 7.47689E+02	 2.67740E+03
 7.50391E+02	 2.63300E+03
 7.53092E+02	 2.31420E+03
 7.55792E+02	 2.00440E+03
 7.58491E+02	 1.73940E+03
 7.61190E+02	 1.53960E+03
 7.63887E+02	 1.40780E+03
 7.66584E+02	 1.33200E+03
 7.69280E+02	 1.30320E+03
 7.71975E+02	 1.33340E+03
 7.74669E+02	 1.42220E+03
 7.77362E+02	 1.52660E+03
 7.80055E+02	 1.66760E+03
 7.82746E+02	 1.71960E+03
 7.85437E+02	 1.65180E+03
 7.88127E+02	 1.48920E+03
 7.90816E+02	 1.34020E+03
 7.93504E+02	 1.22680E+03
 7.96191E+02	 1.14260E+03
 7.98878E+02	 1.13040E+03
 8.01563E+02	 1.17620E+03
 8.04248E+02	 1.28740E+03
 8.06932E+02	 1.41240E+03
 8.09615E+02	 1.53940E+03
 8.12297E+02	 1.57220E+03
 8.14979E+02	 1.50920E+03
 8.17659E+02	 1.39440E+03
 8.20339E+02	 1.34020E+03
 8.23018E+02	 1.36760E+03
 8.25696E+02	 1.49340E+03
 8.28373E+02	 1.75760E+03
 8.31049E+02	 2.31500E+03
 8.33725E+02	 3.32800E+03
 8.36399E+02	 4.62060E+03
 8.39073E+02	 5.47840E+03
 8.41746E+02	 5.49460E+03
 8.44418E+02	 4.52680E+03
 8.47089E+02	 3.47080E+03
 8.49759E+02	 2.82740E+03
 8.52429E+02	 2.61000E+03
 8.55098E+02	 2.62240E+03
 8.57766E+02	 2.67820E+03
 8.60433E+02	 2.64500E+03
 8.63099E+02	 2.46420E+03
 8.65764E+02	 2.25480E+03
 8.68429E+02	 2.16520E+03
 8.71092E+02	 2.14640E+03
 8.73755E+02	 2.05260E+03
 8.76417E+02	 1.90160E+03
 8.79078E+02	 1.74560E+03
 8.81738E+02	 1.53280E+03
 8.84398E+02	 1.37380E+03
 8.87056E+02	 1.27960E+03
 8.89714E+02	 1.32300E+03
 8.92371E+02	 1.38500E+03
 8.95027E+02	 1.58720E+03
 8.97682E+02	 1.85800E+03
 9.00337E+02	 2.21640E+03
 9.02990E+02	 2.40920E+03
 9.05643E+02	 2.33640E+03
 9.08295E+02	 2.01480E+03
 9.10946E+02	 1.74700E+03
 9.13596E+02	 1.56500E+03
 9.16246E+02	 1.51520E+03
 9.18894E+02	 1.61420E+03
 9.21542E+02	 1.94860E+03
 9.24189E+02	 2.75180E+03
 9.26835E+02	 4.47040E+03
 9.29480E+02	 6.90640E+03
 9.32125E+02	 8.52300E+03
 9.34768E+02	 7.95040E+03
 9.37411E+02	 5.64180E+03
 9.40053E+02	 3.75340E+03
 9.42694E+02	 2.80960E+03
 9.45334E+02	 2.48340E+03
 9.47974E+02	 2.38000E+03
 9.50612E+02	 2.44640E+03
 9.53250E+02	 2.87540E+03
 9.55887E+02	 4.03460E+03
 9.58523E+02	 6.44860E+03
 9.61158E+02	 8.99160E+03
 9.63793E+02	 9.21420E+03
 9.66427E+02	 6.93580E+03
 9.69059E+02	 4.61740E+03
 9.71691E+02	 3.02580E+03
 9.74322E+02	 2.15740E+03
 9.76953E+02	 1.55340E+03
 9.79582E+02	 1.23540E+03
 9.82211E+02	 1.01380E+03
 9.84839E+02	 8.98000E+02
 9.87466E+02	 8.26000E+02
 9.90092E+02	 7.80200E+02
 9.92717E+02	 7.57600E+02
 9.95342E+02	 7.29000E+02
 9.97966E+02	 7.11600E+02
 1.00059E+03	 7.00200E+02
 1.00321E+03	 6.88400E+02
 1.00583E+03	 6.73400E+02
 1.00845E+03	 6.64200E+02
 1.01107E+03	 6.65800E+02
 1.01369E+03	 6.49200E+02
 1.01631E+03	 6.47400E+02
 1.01893E+03	 6.45600E+02
 1.02154E+03	 6.39800E+02
 1.02416E+03	 6.51000E+02
 1.02677E+03	 6.51200E+02
 1.02939E+03	 6.35800E+02
 1.03200E+03	 6.32000E+02
 1.03461E+03	 6.40000E+02
 1.03722E+03	 6.35200E+02
 1.03983E+03	 6.36400E+02
 1.04244E+03	 6.36000E+02
 1.04505E+03	 6.37000E+02
 1.04766E+03	 6.23400E+02
 1.05027E+03	 6.29800E+02
 1.05287E+03	 6.31800E+02
 1.05548E+03	 6.29600E+02
 1.05809E+03	 6.32200E+02
 1.06069E+03	 6.33000E+02
 1.06329E+03	 6.45800E+02
 1.06590E+03	 6.45200E+02
 1.06850E+03	 6.44200E+02
 1.07110E+03	 6.44400E+02
 1.07370E+03	 6.44400E+02
 1.07630E+03	 6.39000E+02
 1.07890E+03	 6.37400E+02
 1.08149E+03	 6.41000E+02
 1.08409E+03	 6.32000E+02
 1.08669E+03	 6.36000E+02
 1.08928E+03	 6.33800E+02
 1.09188E+03	 6.24800E+02
 1.09447E+03	 6.27800E+02
 1.09706E+03	 6.09400E+02
 1.09965E+03	 6.09400E+02
 1.10224E+03	 6.08200E+02
 1.10483E+03	 5.95800E+02
 1.10742E+03	 5.98000E+02
 1.11001E+03	 5.89000E+02
 1.11260E+03	 5.85600E+02
 1.11519E+03	 5.83200E+02
 1.11777E+03	 5.86400E+02
 1.12036E+03	 5.81600E+02
 1.12294E+03	 5.86400E+02
 1.12553E+03	 5.78600E+02
 1.12811E+03	 5.79000E+02
 1.13069E+03	 5.78200E+02
 1.13327E+03	 5.86600E+02
 1.13586E+03	 5.81800E+02
 1.13844E+03	 5.83600E+02
 1.14101E+03	 5.87400E+02
 1.14359E+03	 5.84800E+02
 1.14617E+03	 5.98600E+02
 1.14875E+03	 5.96200E+02
 1.15132E+03	 5.98600E+02
 1.15390E+03	 5.99400E+02
 1.15647E+03	 5.93200E+02
 1.15905E+03	 5.98200E+02
 1.16162E+03	 5.99200E+02
 1.16419E+03	 6.01000E+02
 1.16676E+03	 5.88800E+02
 1.16933E+03	 5.89400E+02
 1.17190E+03	 5.89400E+02
 1.17447E+03	 5.90400E+02
 1.17704E+03	 5.80600E+02
 1.17960E+03	 5.81000E+02
 1.18217E+03	 5.78800E+02
 1.18474E+03	 5.77400E+02
 1.18730E+03	 5.70000E+02
 1.18986E+03	 5.64400E+02
 1.19243E+03	 5.68200E+02
 1.19499E+03	 5.66000E+02
 1.19755E+03	 5.67800E+02
 1.20011E+03	 5.62800E+02
 1.20267E+03	 5.69000E+02
 1.20523E+03	 5.63600E+02
 1.20779E+03	 5.64000E+02
 1.21035E+03	 5.75600E+02
 1.21290E+03	 5.67800E+02
 1.21546E+03	 5.63200E+02
 1.21801E+03	 5.61200E+02
 1.22057E+03	 5.73600E+02
 1.22312E+03	 5.66400E+02
 1.22567E+03	 5.67000E+02
 1.22823E+03	 5.69200E+02
 1.23078E+03	 5.67400E+02
 1.23333E+03	 5.68200E+02
 1.23588E+03	 5.65000E+02
 1.23843E+03	 5.65200E+02
 1.24097E+03	 5.64800E+02
 1.24352E+03	 5.70600E+02
 1.24607E+03	 5.69000E+02
 1.24861E+03	 5.75600E+02
 1.25116E+03	 5.66400E+02
 1.25370E+03	 5.78600E+02
 1.25625E+03	 5.75400E+02
 1.25879E+03	 5.79800E+02
 1.26133E+03	 5.77600E+02
 1.26387E+03	 5.82000E+02
 1.26641E+03	 5.81600E+02
 1.26895E+03	 5.88600E+02
 1.27149E+03	 5.85800E+02
 1.27403E+03	 6.00800E+02
 1.27656E+03	 5.94600E+02
 1.27910E+03	 5.96200E+02
 1.28163E+03	 6.06800E+02
 1.28417E+03	 6.12400E+02
 1.28670E+03	 6.18800E+02
 1.28924E+03	 6.23000E+02
 1.29177E+03	 6.28800E+02
 1.29430E+03	 6.31600E+02
 1.29683E+03	 6.45600E+02
 1.29936E+03	 6.68400E+02
 1.30189E+03	 6.83800E+02
 1.30442E+03	 7.12000E+02
 1.30695E+03	 7.21600E+02
 1.30947E+03	 7.35400E+02
 1.31200E+03	 7.36600E+02
 1.31452E+03	 7.47000E+02
 1.31705E+03	 7.69800E+02
 1.31957E+03	 7.90600E+02
 1.32209E+03	 8.33200E+02
 1.32462E+03	 8.97000E+02
 1.32714E+03	 1.06640E+03
 1.32966E+03	 1.54780E+03
 1.33218E+03	 3.42760E+03
 1.33470E+03	 1.13074E+04
 1.33722E+03	 2.01542E+04
 1.33973E+03	 2.07762E+04
 1.34225E+03	 1.09644E+04
 1.34477E+03	 3.64940E+03
 1.34728E+03	 1.72020E+03
 1.34979E+03	 1.16740E+03
 1.35231E+03	 9.15000E+02
 1.35482E+03	 8.18800E+02
 1.35733E+03	 7.39000E+02
 1.35984E+03	 7.09800E+02
 1.36235E+03	 6.87400E+02
 1.36486E+03	 6.66200E+02
 1.36737E+03	 6.54200E+02
 1.36988E+03	 6.50800E+02
 1.37239E+03	 6.39800E+02
 1.37490E+03	 6.20800E+02
 1.37740E+03	 6.13400E+02
 1.37991E+03	 5.98200E+02
 1.38241E+03	 5.84800E+02
 1.38491E+03	 5.85200E+02
 1.38742E+03	 5.73400E+02
 1.38992E+03	 5.67000E+02
 1.39242E+03	 5.59000E+02
 1.39492E+03	 5.53400E+02
 1.39742E+03	 5.51200E+02
 1.39992E+03	 5.46400E+02
 1.40242E+03	 5.53000E+02
 1.40491E+03	 5.45600E+02
 1.40741E+03	 5.42000E+02
 1.40991E+03	 5.44600E+02
 1.41240E+03	 5.41400E+02
 1.41490E+03	 5.46000E+02
 1.41739E+03	 5.48400E+02
 1.41988E+03	 5.44400E+02
 1.42238E+03	 5.45800E+02
 1.42487E+03	 5.51000E+02
 1.42736E+03	 5.59400E+02
 1.42985E+03	 5.70200E+02
 1.43234E+03	 5.89200E+02
 1.43482E+03	 6.22200E+02
 1.43731E+03	 6.57200E+02
 1.43980E+03	 7.01600E+02
 1.44228E+03	 7.31400E+02
 1.44477E+03	 7.46600E+02
 1.44725E+03	 7.56800E+02
 1.44974E+03	 7.64000E+02
 1.45222E+03	 7.55000E+02
 1.45470E+03	 7.33800E+02
 1.45718E+03	 7.15000E+02
 1.45966E+03	 7.14400E+02
 1.46214E+03	 7.12600E+02
 1.46462E+03	 6.97200E+02
 1.46710E+03	 6.92200E+02
 1.46958E+03	 6.56200E+02
 1.47206E+03	 6.37200E+02
 1.47453E+03	 6.20200E+02
 1.47701E+03	 5.92200E+02
 1.47948E+03	 5.76400E+02
 1.48195E+03	 5.62000E+02
 1.48443E+03	 5.51200E+02
 1.48690E+03	 5.51400E+02
 1.48937E+03	 5.46800E+02
 1.49184E+03	 5.40600E+02
 1.49431E+03	 5.37400E+02
 1.49678E+03	 5.34600E+02
 1.49925E+03	 5.33400E+02
 1.50172E+03	 5.30200E+02
 1.50418E+03	 5.36800E+02
 1.50665E+03	 5.34000E+02
 1.50912E+03	 5.29600E+02
 1.51158E+03	 5.26000E+02
 1.51404E+03	 5.25000E+02
 1.51651E+03	 5.27200E+02
 1.51897E+03	 5.28200E+02
 1.52143E+03	 5.36200E+02
 1.52389E+03	 5.24000E+02
 1.52635E+03	 5.23600E+02
 1.52881E+03	 5.23200E+02
 1.53127E+03	 5.24600E+02
 1.53373E+03	 5.23400E+02
 1.53619E+03	 5.21600E+02
 1.53864E+03	 5.26800E+02
 1.54110E+03	 5.18800E+02
 1.54355E+03	 5.25800E+02
 1.54601E+03	 5.21600E+02
 1.54846E+03	 5.21000E+02
 1.55091E+03	 5.18000E+02
 1.55337E+03	 5.18400E+02
 1.55582E+03	 5.21200E+02
 1.55827E+03	 5.20200E+02
 1.56072E+03	 5.28600E+02
 1.56317E+03	 5.24600E+02
 1.56561E+03	 5.21400E+02
 1.56806E+03	 5.22800E+02
 1.57051E+03	 5.25400E+02
 1.57295E+03	 5.24000E+02
 1.57540E+03	 5.21000E+02
 1.57784E+03	 5.27600E+02
 1.58029E+03	 5.25000E+02
 1.58273E+03	 5.24200E+02
 1.58517E+03	 5.21200E+02
 1.58761E+03	 5.23600E+02
 1.59005E+03	 5.24800E+02
 1.59249E+03	 5.24800E+02
 1.59493E+03	 5.27000E+02
 1.59737E+03	 5.18800E+02
 1.59981E+03	 5.19200E+02
 1.60225E+03	 5.23800E+02
 1.60468E+03	 5.23200E+02
 1.60712E+03	 5.21800E+02
 1.60955E+03	 5.18400E+02
 1.61199E+03	 5.19400E+02
 1.61442E+03	 5.23000E+02
 1.61685E+03	 5.23800E+02
 1.61929E+03	 5.26400E+02
 1.62172E+03	 5.26200E+02
 1.62415E+03	 5.22600E+02
 1.62658E+03	 5.26000E+02
 1.62901E+03	 5.26000E+02
 1.63143E+03	 5.25400E+02
 1.63386E+03	 5.23200E+02
 1.63629E+03	 5.30200E+02
 1.63871E+03	 5.26000E+02
 1.64114E+03	 5.26800E+02
 1.64356E+03	 5.26200E+02
 1.64599E+03	 5.21800E+02
 1.64841E+03	 5.33600E+02
 1.65083E+03	 5.24200E+02
 1.65325E+03	 5.27800E+02
 1.65567E+03	 5.33000E+02
 1.65809E+03	 5.34000E+02
 1.66051E+03	 5.31200E+02
 1.66293E+03	 5.30800E+02
 1.66535E+03	 5.29000E+02
 1.66777E+03	 5.29600E+02
 1.67018E+03	 5.28600E+02
 1.67260E+03	 5.27600E+02
 1.67501E+03	 5.25800E+02
 1.67743E+03	 5.31000E+02
 1.67984E+03	 5.26600E+02
 1.68225E+03	 5.33000E+02
 1.68467E+03	 5.26400E+02
 1.68708E+03	 5.24200E+02
 1.68949E+03	 5.22800E+02
 1.69190E+03	 5.23000E+02
 1.69431E+03	 5.27800E+02
 1.69671E+03	 5.23800E+02
 1.69912E+03	 5.24800E+02
 1.70153E+03	 5.26800E+02
 1.70394E+03	 5.28600E+02
 1.70634E+03	 5.25400E+02
 1.70875E+03	 5.31400E+02
 1.71115E+03	 5.23200E+02
 1.71355E+03	 5.21800E+02
 1.71596E+03	 5.27200E+02
 1.71836E+03	 5.25400E+02
 1.72076E+03	 5.27400E+02
 1.72316E+03	 5.23600E+02
 1.72556E+03	 5.22200E+02
 1.72796E+03	 5.19600E+02
 1.73036E+03	 5.23800E+02
 1.73275E+03	 5.16600E+02
 1.73515E+03	 5.18400E+02
 1.73755E+03	 5.22000E+02
 1.73994E+03	 5.21000E+02
 1.74233E+03	 5.20800E+02
 1.74473E+03	 5.28400E+02
 1.74712E+03	 5.23000E+02
 1.74951E+03	 5.23200E+02
 1.75191E+03	 5.19000E+02
 1.75430E+03	 5.16400E+02
 1.75669E+03	 5.21800E+02
 1.75908E+03	 5.19400E+02
 1.76147E+03	 5.19400E+02
 1.76385E+03	 5.26800E+02
 1.76624E+03	 5.23000E+02
 1.76863E+03	 5.21800E+02
 1.77101E+03	 5.22600E+02
 1.77340E+03	 5.26000E+02
 1.77578E+03	 5.17200E+02
 1.77817E+03	 5.18600E+02
 1.78055E+03	 5.23000E+02
 1.78293E+03	 5.19800E+02
 1.78531E+03	 5.24000E+02
 1.78769E+03	 5.24200E+02
 1.79007E+03	 5.26400E+02
 1.79245E+03	 5.23200E+02
 1.79483E+03	 5.18400E+02
 1.79721E+03	 5.19200E+02
 1.79959E+03	 5.21400E+02
 1.80196E+03	 5.22200E+02
 1.80434E+03	 5.22400E+02
 1.80671E+03	 5.22200E+02
 1.80909E+03	 5.21200E+02
 1.81146E+03	 5.20800E+02
 1.81384E+03	 5.19600E+02
 1.81621E+03	 5.18800E+02
 1.81858E+03	 5.25000E+02
 1.82095E+03	 5.24800E+02
 1.82332E+03	 5.22800E+02
 1.82569E+03	 5.18200E+02
 1.82806E+03	 5.23000E+02
 1.83043E+03	 5.21400E+02
 1.83279E+03	 5.22400E+02
 1.83516E+03	 5.23600E+02
 1.83753E+03	 5.20400E+02
 1.83989E+03	 5.20400E+02
 1.84226E+03	 5.17800E+02
 1.84462E+03	 5.19200E+02
 1.84698E+03	 5.16800E+02
 1.84934E+03	 5.16000E+02
 1.85171E+03	 5.16800E+02
 1.85407E+03	 5.21000E+02
 1.85643E+03	 5.21000E+02
 1.85879E+03	 5.13600E+02
 1.86114E+03	 5.15000E+02
 1.86350E+03	 5.15000E+02
 1.86586E+03	 5.23200E+02
 1.86822E+03	 5.20200E+02
 1.87057E+03	 5.20400E+02
 1.87293E+03	 5.20200E+02
 1.87528E+03	 5.18800E+02
 1.87764E+03	 5.18000E+02
 1.87999E+03	 5.19600E+02
 1.88234E+03	 5.19400E+02
 1.88469E+03	 5.22600E+02
 1.88704E+03	 5.20200E+02
 1.88939E+03	 5.16800E+02
 1.89174E+03	 5.17200E+02
 1.89409E+03	 5.17600E+02
 1.89644E+03	 5.18000E+02
 1.89879E+03	 5.11600E+02
 1.90113E+03	 5.18000E+02
 1.90348E+03	 5.18000E+02
 1.90583E+03	 5.18000E+02
 1.90817E+03	 5.18800E+02
 1.91051E+03	 5.17800E+02
 1.91286E+03	 5.19000E+02
 1.91520E+03	 5.15600E+02
 1.91754E+03	 5.18800E+02
 1.91988E+03	 5.10800E+02
 1.92222E+03	 5.14200E+02
 1.92456E+03	 5.16400E+02
 1.92690E+03	 5.16800E+02
 1.92924E+03	 5.16200E+02
 1.93158E+03	 5.19200E+02
 1.93391E+03	 5.12400E+02
 1.93625E+03	 5.14200E+02
 1.93859E+03	 5.13600E+02
 1.94092E+03	 5.16200E+02
 1.94326E+03	 5.12600E+02
 1.94559E+03	 5.16800E+02
 1.94792E+03	 5.10000E+02
 1.95025E+03	 5.09400E+02
 1.95258E+03	 5.17800E+02
 1.95492E+03	 5.19800E+02
 1.95725E+03	 5.13800E+02
 1.95957E+03	 5.10400E+02
 1.96190E+03	 5.14600E+02
 1.96423E+03	 5.13800E+02
 1.96656E+03	 5.11600E+02
 1.96888E+03	 5.10600E+02
 1.97121E+03	 5.12800E+02
 1.97354E+03	 5.14800E+02
 1.97586E+03	 5.11600E+02
 1.97818E+03	 5.18000E+02
 1.98051E+03	 5.19200E+02
 1.98283E+03	 5.15600E+02
 1.98515E+03	 5.14000E+02
 1.98747E+03	 5.11000E+02
 1.98979E+03	 5.12800E+02
 1.99211E+03	 5.09800E+02
 1.99443E+03	 5.15000E+02
 1.99675E+03	 5.11200E+02
 1.99906E+03	 5.16200E+02
 2.00138E+03	 5.14400E+02
 2.00370E+03	 5.18600E+02
 2.00601E+03	 5.28400E+02
 2.00833E+03	 5.14600E+02
 2.01064E+03	 5.12800E+02
 2.01295E+03	 5.13800E+02
 2.01527E+03	 5.14800E+02
 2.01758E+03	 5.21000E+02
 2.01989E+03	 5.18000E+02
 2.02220E+03	 5.14400E+02
 2.02451E+03	 5.12000E+02
 2.02682E+03	 5.19400E+02
 2.02913E+03	 5.12200E+02
 2.03144E+03	 5.13400E+02
 2.03374E+03	 5.13400E+02
 2.03605E+03	 5.14600E+02
 2.03836E+03	 5.17800E+02
 2.04066E+03	 5.12800E+02
 2.04296E+03	 5.06800E+02
 2.04527E+03	 5.19800E+02
 2.04757E+03	 5.22400E+02
 2.04987E+03	 5.16600E+02
 2.05218E+03	 5.20400E+02
 2.05448E+03	 5.13800E+02
 2.05678E+03	 5.15200E+02
 2.05908E+03	 5.15200E+02
 2.06137E+03	 5.12400E+02
 2.06367E+03	 5.15800E+02
 2.06597E+03	 5.13800E+02
 2.06827E+03	 5.12800E+02
 2.07056E+03	 5.18000E+02
 2.07286E+03	 5.21800E+02
 2.07515E+03	 5.14600E+02
 2.07745E+03	 5.16200E+02
 2.07974E+03	 5.17600E+02
 2.08203E+03	 5.15800E+02
 2.08433E+03	 5.13800E+02
 2.08662E+03	 5.15600E+02
 2.08891E+03	 5.11600E+02
 2.09120E+03	 5.16600E+02
 2.09349E+03	 5.13400E+02
 2.09578E+03	 5.25000E+02
 2.09806E+03	 5.24800E+02
 2.10035E+03	 5.15600E+02
 2.10264E+03	 5.12800E+02
 2.10492E+03	 5.13400E+02
 2.10721E+03	 5.15600E+02
 2.10949E+03	 5.20000E+02
 2.11178E+03	 5.20800E+02
 2.11406E+03	 5.18000E+02
 2.11634E+03	 5.17800E+02
 2.11862E+03	 5.17200E+02
 2.12091E+03	 5.18200E+02
 2.12319E+03	 5.20200E+02
 2.12547E+03	 5.18800E+02
 2.12775E+03	 5.17600E+02
 2.13002E+03	 5.20800E+02
 2.13230E+03	 5.20000E+02
 2.13458E+03	 5.21400E+02
 2.13686E+03	 5.19200E+02
 2.13913E+03	 5.15400E+02
 2.14141E+03	 5.24600E+02
 2.14368E+03	 5.19000E+02
 2.14595E+03	 5.20200E+02
 2.14823E+03	 5.19600E+02
 2.15050E+03	 5.20400E+02
 2.15277E+03	 5.18400E+02
 2.15504E+03	 5.24400E+02
 2.15731E+03	 5.21000E+02
 2.15958E+03	 5.22800E+02
 2.16185E+03	 5.19000E+02
 2.16412E+03	 5.20800E+02
 2.16639E+03	 5.22000E+02
 2.16865E+03	 5.24800E+02
 2.17092E+03	 5.24600E+02
 2.17319E+03	 5.26200E+02
 2.17545E+03	 5.23200E+02
 2.17772E+03	 5.24600E+02
 2.17998E+03	 5.34000E+02
 2.18224E+03	 5.32400E+02
 2.18451E+03	 5.31200E+02
 2.18677E+03	 5.39000E+02
 2.18903E+03	 5.35200E+02
 2.19129E+03	 5.34400E+02
 2.19355E+03	 5.31800E+02
 2.19581E+03	 5.35600E+02
 2.19807E+03	 5.38200E+02
 2.20032E+03	 5.31800E+02
 2.20258E+03	 5.32000E+02
 2.20484E+03	 5.34600E+02
 2.20709E+03	 5.31600E+02
 2.20935E+03	 5.32200E+02
 2.21160E+03	 5.29800E+02
 2.21385E+03	 5.31400E+02
 2.21611E+03	 5.33200E+02
 2.21836E+03	 5.24200E+02
 2.22061E+03	 5.29000E+02
 2.22286E+03	 5.32200E+02
 2.22511E+03	 5.33400E+02
 2.22736E+03	 5.31200E+02
 2.22961E+03	 5.32400E+02
 2.23186E+03	 5.35800E+02
 2.23411E+03	 5.27400E+02
 2.23636E+03	 5.36000E+02
 2.23860E+03	 5.36800E+02
 2.24085E+03	 5.33200E+02
 2.24309E+03	 5.40600E+02
 2.24534E+03	 5.36200E+02
 2.24758E+03	 5.34600E+02
 2.24982E+03	 5.35600E+02
 2.25207E+03	 5.34200E+02
 2.25431E+03	 5.37800E+02
 2.25655E+03	 5.42400E+02
 2.25879E+03	 5.42000E+02
 2.26103E+03	 5.43200E+02
 2.26327E+03	 5.40200E+02
 2.26551E+03	 5.37800E+02
 2.26774E+03	 5.43600E+02
 2.26998E+03	 5.42200E+02
 2.27222E+03	 5.43000E+02
 2.27445E+03	 5.43600E+02
 2.27669E+03	 5.46000E+02
 2.27892E+03	 5.45800E+02
 2.28116E+03	 5.46600E+02
 2.28339E+03	 5.46600E+02
 2.28562E+03	 5.50000E+02
 2.28785E+03	 5.52600E+02
 2.29009E+03	 5.47800E+02
 2.29232E+03	 5.52800E+02
 2.29455E+03	 5.56400E+02
 2.29678E+03	 5.44400E+02
 2.29900E+03	 5.49400E+02
 2.30123E+03	 5.46800E+02
 2.30346E+03	 5.53600E+02
 2.30569E+03	 5.51000E+02
 2.30791E+03	 5.54200E+02
 2.31014E+03	 5.57800E+02
 2.31236E+03	 5.54800E+02
 2.31459E+03	 5.52400E+02
 2.31681E+03	 5.62200E+02
 2.31903E+03	 5.53400E+02
 2.32125E+03	 5.52000E+02
 2.32348E+03	 5.53800E+02
 2.32570E+03	 5.55000E+02
 2.32792E+03	 5.62800E+02
 2.33014E+03	 5.60000E+02
 2.33235E+03	 5.62000E+02
 2.33457E+03	 5.63000E+02
 2.33679E+03	 5.58200E+02
 2.33901E+03	 5.60000E+02
 2.34122E+03	 5.59800E+02
 2.34344E+03	 5.62000E+02
 2.34565E+03	 5.65800E+02
 2.34787E+03	 5.67000E+02
 2.35008E+03	 5.60200E+02
 2.35229E+03	 5.61600E+02
 2.35451E+03	 5.68600E+02
 2.35672E+03	 5.60000E+02
 2.35893E+03	 5.65800E+02
 2.36114E+03	 5.68800E+02
 2.36335E+03	 5.66200E+02
 2.36556E+03	 5.61600E+02
 2.36777E+03	 5.62600E+02
 2.36998E+03	 5.68400E+02
 2.37218E+03	 5.66400E+02
 2.37439E+03	 5.66200E+02
 2.37659E+03	 5.66200E+02
 2.37880E+03	 5.62000E+02
 2.38100E+03	 5.63200E+02
 2.38321E+03	 5.67800E+02
 2.38541E+03	 5.67600E+02
 2.38761E+03	 5.67400E+02
 2.38982E+03	 5.73200E+02
 2.39202E+03	 5.70400E+02
 2.39422E+03	 5.72800E+02
 2.39642E+03	 5.75200E+02
 2.39862E+03	 5.72800E+02
 2.40082E+03	 5.67800E+02
 2.40301E+03	 5.67400E+02
 2.40521E+03	 5.69400E+02
 2.40741E+03	 5.73600E+02
 2.40961E+03	 5.70200E+02
 2.41180E+03	 5.79800E+02
 2.41400E+03	 5.77600E+02
 2.41619E+03	 5.80200E+02
 2.41838E+03	 5.77000E+02
 2.42058E+03	 5.83400E+02
 2.42277E+03	 5.76600E+02
 2.42496E+03	 5.83000E+02
 2.42715E+03	 5.82400E+02
 2.42934E+03	 5.85800E+02
 2.43153E+03	 5.91600E+02
 2.43372E+03	 5.78000E+02
 2.43591E+03	 5.77800E+02
 2.43810E+03	 5.85200E+02
 2.44028E+03	 5.95400E+02
 2.44247E+03	 5.90800E+02
 2.44466E+03	 5.91000E+02
 2.44684E+03	 5.96400E+02
 2.44903E+03	 6.03600E+02
 2.45121E+03	 5.97200E+02
 2.45339E+03	 5.99200E+02
 2.45558E+03	 6.04800E+02
 2.45776E+03	 6.02600E+02
 2.45994E+03	 6.08000E+02
 2.46212E+03	 6.15200E+02
 2.46430E+03	 6.20000E+02
 2.46648E+03	 6.20000E+02
 2.46866E+03	 6.19000E+02
 2.47084E+03	 6.21200E+02
 2.47302E+03	 6.17200E+02
 2.47519E+03	 6.14600E+02
 2.47737E+03	 6.15200E+02
 2.47955E+03	 6.15400E+02
 2.48172E+03	 6.11800E+02
 2.48390E+03	 6.00800E+02
 2.48607E+03	 6.12600E+02
 2.48824E+03	 6.01800E+02
 2.49042E+03	 6.09000E+02
 2.49259E+03	 6.00400E+02
 2.49476E+03	 6.06400E+02
 2.49693E+03	 6.09800E+02
 2.49910E+03	 6.15200E+02
 2.50127E+03	 6.10200E+02
 2.50344E+03	 6.07400E+02
 2.50561E+03	 6.03800E+02
 2.50777E+03	 6.00000E+02
 2.50994E+03	 5.99600E+02
 2.51211E+03	 6.00800E+02
 2.51427E+03	 5.90200E+02
 2.51644E+03	 5.89000E+02
 2.51860E+03	 5.89200E+02
 2.52077E+03	 5.88000E+02
 2.52293E+03	 5.75000E+02
 2.52509E+03	 5.80400E+02
 2.52725E+03	 5.81800E+02
 2.52941E+03	 5.84200E+02
 2.53158E+03	 5.80000E+02
 2.53374E+03	 5.77800E+02
 2.53590E+03	 5.78600E+02
 2.53805E+03	 5.75000E+02
 2.54021E+03	 5.74400E+02
 2.54237E+03	 5.67000E+02
 2.54453E+03	 5.71800E+02
 2.54668E+03	 5.64000E+02
 2.54884E+03	 5.70200E+02
 2.55099E+03	 5.70200E+02
 2.55315E+03	 5.67800E+02
 2.55530E+03	 5.63800E+02
 2.55745E+03	 5.68600E+02
 2.55961E+03	 5.61800E+02
 2.56176E+03	 5.58400E+02
 2.56391E+03	 5.70400E+02
 2.56606E+03	 5.61000E+02
 2.56821E+03	 5.61600E+02
 2.57036E+03	 5.63400E+02
 2.57251E+03	 5.65000E+02
 2.57466E+03	 5.63600E+02
 2.57681E+03	 5.67200E+02
 2.57895E+03	 5.65200E+02
 2.58110E+03	 5.64400E+02
 2.58324E+03	 5.68400E+02
 2.58539E+03	 5.67800E+02
 2.58753E+03	 5.66200E+02
 2.58968E+03	 5.72000E+02
 2.59182E+03	 5.74800E+02
 2.59396E+03	 5.67200E+02
 2.59611E+03	 5.76600E+02
 2.59825E+03	 5.77000E+02
 2.60039E+03	 5.72000E+02
 2.60253E+03	 5.71600E+02
 2.60467E+03	 5.68200E+02
 2.60681E+03	 5.71600E+02
 2.60894E+03	 5.73400E+02
 2.61108E+03	 5.72200E+02
 2.61322E+03	 5.76400E+02
 2.61536E+03	 5.64800E+02
 2.61749E+03	 5.70600E+02
 2.61963E+03	 5.70800E+02
 2.62176E+03	 5.69800E+02
 2.62389E+03	 5.70600E+02
 2.62603E+03	 5.69000E+02
 2.62816E+03	 5.69800E+02
 2.63029E+03	 5.77600E+02
 2.63242E+03	 5.71600E+02
 2.63455E+03	 5.74400E+02
 2.63669E+03	 5.71600E+02
 2.63881E+03	 5.73600E+02
 2.64094E+03	 5.74400E+02
 2.64307E+03	 5.72400E+02
 2.64520E+03	 5.78600E+02
 2.64733E+03	 5.70000E+02
 2.64945E+03	 5.70400E+02
 2.65158E+03	 5.70800E+02
 2.65370E+03	 5.71000E+02
 2.65583E+03	 5.78600E+02
 2.65795E+03	 5.81000E+02
 2.66008E+03	 5.85400E+02
 2.66220E+03	 5.76600E+02
 2.66432E+03	 5.85800E+02
 2.66644E+03	 5.81000E+02
 2.66857E+03	 5.91400E+02
 2.67069E+03	 5.98200E+02
 2.67281E+03	 5.86200E+02
 2.67492E+03	 6.08800E+02
 2.67704E+03	 5.99000E+02
 2.67916E+03	 5.93600E+02
 2.68128E+03	 5.95800E+02
 2.68340E+03	 5.63800E+02
 2.68551E+03	 5.68400E+02
 2.68763E+03	 5.67000E+02
 2.68974E+03	 5.70200E+02
 2.69186E+03	 5.58000E+02
 2.69397E+03	 5.63800E+02
 2.69608E+03	 5.58000E+02
 2.69820E+03	 5.59600E+02
 2.70031E+03	 5.56200E+02
 2.70242E+03	 5.53000E+02
 2.70453E+03	 5.63200E+02
 2.70664E+03	 5.59000E+02
 2.70875E+03	 5.64600E+02
 2.71086E+03	 5.68400E+02
 2.71297E+03	 5.75800E+02
 2.71507E+03	 5.81200E+02
 2.71718E+03	 5.77800E+02
 2.71929E+03	 5.79400E+02
 2.72139E+03	 5.82800E+02
 2.72350E+03	 5.87200E+02
 2.72560E+03	 5.86800E+02
 2.72771E+03	 5.93600E+02
 2.72981E+03	 5.91800E+02
 2.73191E+03	 6.03000E+02
 2.73402E+03	 5.97200E+02
 2.73612E+03	 5.87400E+02
 2.73822E+03	 5.91000E+02
 2.74032E+03	 5.80200E+02
 2.74242E+03	 5.73400E+02
 2.74452E+03	 5.64600E+02
 2.74662E+03	 5.61000E+02
 2.74871E+03	 5.62600E+02
 2.75081E+03	 5.53400E+02
 2.75291E+03	 5.50000E+02
 2.75500E+03	 5.50200E+02
 2.75710E+03	 5.59800E+02
 2.75919E+03	 5.50200E+02
 2.76129E+03	 5.62800E+02
 2.76338E+03	 5.49600E+02
 2.76548E+03	 5.46200E+02
 2.76757E+03	 5.46000E+02
 2.76966E+03	 5.45600E+02
 2.77175E+03	 5.46000E+02
 2.77384E+03	 5.47000E+02
 2.77593E+03	 5.41600E+02
 2.77802E+03	 5.46600E+02
 2.78011E+03	 5.42800E+02
 2.78220E+03	 5.45200E+02
 2.78429E+03	 5.45400E+02
 2.78637E+03	 5.47400E+02
 2.78846E+03	 5.44200E+02
 2.79055E+03	 5.47200E+02
 2.79263E+03	 5.48200E+02
 2.79472E+03	 5.44800E+02
 2.79680E+03	 5.47000E+02
 2.79889E+03	 5.52800E+02
 2.80097E+03	 5.52400E+02
 2.80305E+03	 5.54000E+02
 2.80513E+03	 5.51600E+02
 2.80721E+03	 5.55600E+02
 2.80929E+03	 5.61600E+02
 2.81137E+03	 5.63400E+02
 2.81345E+03	 5.68200E+02
 2.81553E+03	 5.71200E+02
 2.81761E+03	 5.73000E+02
 2.81969E+03	 5.76000E+02
 2.82177E+03	 5.82800E+02
 2.82384E+03	 5.91800E+02
 2.82592E+03	 5.95800E+02
 2.82799E+03	 6.04800E+02
 2.83007E+03	 6.22800E+02
 2.83214E+03	 6.41200E+02
 2.83422E+03	 6.64000E+02
 2.83629E+03	 6.92800E+02
 2.83836E+03	 7.38200E+02
 2.84043E+03	 7.89600E+02
 2.84250E+03	 8.76000E+02
 2.84457E+03	 9.71400E+02
 2.84664E+03	 1.06920E+03
 2.84871E+03	 1.18740E+03
 2.85078E+03	 1.32320E+03
 2.85285E+03	 1.42080E+03
 2.85492E+03	 1.46100E+03
 2.85699E+03	 1.44360E+03
 2.85905E+03	 1.43900E+03
 2.86112E+03	 1.39280E+03
 2.86318E+03	 1.37260E+03
 2.86525E+03	 1.34040E+03
 2.86731E+03	 1.33980E+03
 2.86937E+03	 1.34860E+03
 2.87144E+03	 1.36480E+03
 2.87350E+03	 1.40560E+03
 2.87556E+03	 1.42360E+03
 2.87762E+03	 1.39840E+03
 2.87968E+03	 1.36980E+03
 2.88174E+03	 1.35060E+03
 2.88380E+03	 1.36860E+03
 2.88586E+03	 1.36460E+03
 2.88792E+03	 1.33940E+03
 2.88998E+03	 1.33320E+03
 2.89203E+03	 1.32280E+03
 2.89409E+03	 1.33140E+03
 2.89615E+03	 1.34660E+03
 2.89820E+03	 1.34680E+03
 2.90026E+03	 1.34660E+03
 2.90231E+03	 1.37780E+03
 2.90436E+03	 1.37440E+03
 2.90642E+03	 1.36400E+03
 2.90847E+03	 1.32860E+03
 2.91052E+03	 1.31320E+03
 2.91257E+03	 1.30080E+03
 2.91462E+03	 1.28200E+03
 2.91667E+03	 1.27700E+03
 2.91872E+03	 1.29380E+03
 2.92077E+03	 1.31800E+03
 2.92282E+03	 1.31880E+03
 2.92487E+03	 1.34040E+03
 2.92691E+03	 1.31680E+03
 2.92896E+03	 1.29660E+03
 2.93101E+03	 1.30400E+03
 2.93305E+03	 1.31080E+03
 2.93510E+03	 1.27700E+03
 2.93714E+03	 1.27700E+03
 2.93918E+03	 1.26500E+03
 2.94123E+03	 1.25220E+03
 2.94327E+03	 1.21780E+03
 2.94531E+03	 1.15920E+03
 2.94735E+03	 1.09460E+03
 2.94939E+03	 1.05480E+03
 2.95143E+03	 1.03120E+03
 2.95347E+03	 9.90800E+02
 2.95551E+03	 9.72000E+02
 2.95755E+03	 9.69800E+02
 2.95959E+03	 9.63600E+02
 2.96163E+03	 9.45400E+02
 2.96366E+03	 9.42400E+02
 2.96570E+03	 9.25600E+02
 2.96773E+03	 9.18000E+02
 2.96977E+03	 8.74000E+02
 2.97180E+03	 8.48000E+02
 2.97384E+03	 8.18800E+02
 2.97587E+03	 7.77000E+02
 2.97790E+03	 7.32800E+02
 2.97993E+03	 7.08800E+02
 2.98197E+03	 6.84600E+02
 2.98400E+03	 6.66200E+02
 2.98603E+03	 6.57400E+02
 2.98806E+03	 6.40800E+02
 2.99009E+03	 6.34200E+02
 2.99211E+03	 6.21400E+02
 2.99414E+03	 6.02600E+02
 2.99617E+03	 5.95600E+02
 2.99820E+03	 5.88800E+02
 3.00022E+03	 5.79600E+02
 3.00225E+03	 5.78400E+02
 3.00427E+03	 5.76800E+02
 3.00630E+03	 5.71000E+02
 3.00832E+03	 5.70800E+02
 3.01035E+03	 5.68000E+02
 3.01237E+03	 5.62400E+02
 3.01439E+03	 5.65000E+02
 3.01641E+03	 5.55400E+02
 3.01843E+03	 5.60200E+02
 3.02045E+03	 5.58000E+02
 3.02247E+03	 5.57200E+02
 3.02449E+03	 5.60200E+02
 3.02651E+03	 5.55000E+02
 3.02853E+03	 5.49600E+02
 3.03055E+03	 5.52200E+02
 3.03256E+03	 5.54200E+02
 3.03458E+03	 5.45200E+02
 3.03660E+03	 5.37800E+02
 3.03861E+03	 5.48800E+02
 3.04063E+03	 5.56000E+02
 3.04264E+03	 5.46600E+02
 3.04466E+03	 5.47000E+02
 3.04667E+03	 5.44000E+02
 3.04868E+03	 5.42000E+02
 3.05069E+03	 5.43200E+02
 3.05270E+03	 5.42200E+02
 3.05472E+03	 5.36000E+02
 3.05673E+03	 5.40400E+02
 3.05874E+03	 5.42200E+02
 3.06074E+03	 5.38800E+02
 3.06275E+03	 5.40400E+02
 3.06476E+03	 5.38400E+02
 3.06677E+03	 5.37600E+02
 3.06878E+03	 5.35000E+02
 3.07078E+03	 5.40200E+02
 3.07279E+03	 5.42800E+02
 3.07479E+03	 5.47400E+02
 3.07680E+03	 5.37600E+02
 3.07880E+03	 5.41200E+02
 3.08081E+03	 5.35000E+02
 3.08281E+03	 5.36400E+02
 3.08481E+03	 5.34600E+02
 3.08681E+03	 5.34000E+02
 3.08881E+03	 5.35000E+02
 3.09081E+03	 5.36800E+02
 3.09281E+03	 5.34200E+02
 3.09481E+03	 5.35800E+02
 3.09681E+03	 5.34000E+02
 3.09881E+03	 5.36200E+02
 3.10081E+03	 5.33600E+02
 3.10281E+03	 5.32600E+02
 3.10480E+03	 5.35200E+02
 3.10680E+03	 5.37800E+02
 3.10879E+03	 5.31200E+02
 3.11079E+03	 5.34400E+02
 3.11278E+03	 5.33600E+02
 3.11478E+03	 5.38200E+02
 3.11677E+03	 5.40200E+02
 3.11876E+03	 5.36200E+02
 3.12076E+03	 5.36600E+02
 3.12275E+03	 5.38200E+02
 3.12474E+03	 5.40600E+02
 3.12673E+03	 5.34800E+02
 3.12872E+03	 5.39800E+02
 3.13071E+03	 5.38400E+02
 3.13270E+03	 5.37000E+02
 3.13469E+03	 5.38800E+02
 3.13667E+03	 5.39000E+02
 3.13866E+03	 5.37000E+02
 3.14065E+03	 5.37200E+02
 3.14263E+03	 5.37200E+02
 3.14462E+03	 5.38800E+02
 3.14660E+03	 5.38600E+02
 3.14859E+03	 5.43400E+02
 3.15057E+03	 5.34600E+02
 3.15256E+03	 5.40600E+02
 3.15454E+03	 5.38000E+02
 3.15652E+03	 5.36200E+02
 3.15850E+03	 5.44000E+02
 3.16048E+03	 5.37400E+02
 3.16246E+03	 5.39000E+02
 3.16444E+03	 5.40000E+02
 3.16642E+03	 5.36600E+02
 3.16840E+03	 5.43200E+02
 3.17038E+03	 5.42000E+02
 3.17236E+03	 5.43400E+02
 3.17434E+03	 5.37000E+02
 3.17631E+03	 5.39400E+02
 3.17829E+03	 5.44600E+02
 3.18026E+03	 5.45200E+02
 3.18224E+03	 5.44000E+02
 3.18421E+03	 5.36800E+02
 3.18619E+03	 5.41000E+02
 3.18816E+03	 5.42000E+02
 3.19013E+03	 5.43400E+02
 3.19211E+03	 5.45000E+02
 3.19408E+03	 5.41600E+02
 3.19605E+03	 5.50400E+02
 3.19802E+03	 5.46400E+02
 3.19999E+03	 5.47800E+02
 3.20196E+03	 5.42600E+02
 3.20393E+03	 5.46400E+02
 3.20590E+03	 5.46400E+02
 3.20786E+03	 5.42600E+02
 3.20983E+03	 5.39200E+02
 3.21180E+03	 5.45400E+02
 3.21376E+03	 5.41400E+02
 3.21573E+03	 5.45400E+02
 3.21769E+03	 5.44800E+02
 3.21966E+03	 5.45600E+02
 3.22162E+03	 5.41600E+02
 3.22359E+03	 5.47800E+02
 3.22555E+03	 5.53400E+02
 3.22751E+03	 5.46800E+02
 3.22947E+03	 5.49200E+02
 3.23143E+03	 5.49600E+02
 3.23339E+03	 5.52200E+02
 3.23535E+03	 5.50200E+02
 3.23731E+03	 5.50000E+02
 3.23927E+03	 5.50600E+02
 3.24123E+03	 5.51000E+02
 3.24319E+03	 5.53000E+02
 3.24515E+03	 5.51000E+02
 3.24710E+03	 5.51200E+02
 3.24906E+03	 5.48800E+02
 3.25102E+03	 5.51800E+02
 3.25297E+03	 5.51000E+02
 3.25493E+03	 5.54400E+02
 3.25688E+03	 5.51800E+02
 3.25883E+03	 5.54400E+02
 3.26079E+03	 5.52400E+02
 3.26274E+03	 5.55400E+02
 3.26469E+03	 5.52200E+02
 3.26664E+03	 5.57000E+02
 3.26859E+03	 5.58400E+02
 3.27054E+03	 5.60400E+02
 3.27249E+03	 5.58400E+02
 3.27444E+03	 5.58400E+02
 3.27639E+03	 5.66800E+02
 3.27834E+03	 5.59200E+02
 3.28029E+03	 5.65000E+02
 3.28223E+03	 5.59800E+02
 3.28418E+03	 5.61600E+02
 3.28613E+03	 5.60800E+02
 3.28807E+03	 5.67400E+02
 3.29002E+03	 5.60200E+02
 3.29196E+03	 5.71600E+02
 3.29390E+03	 5.65800E+02
 3.29585E+03	 5.63800E+02
 3.29779E+03	 5.62600E+02
 3.29973E+03	 5.62600E+02
 3.30167E+03	 5.69000E+02
 3.30361E+03	 5.67200E+02
 3.30555E+03	 5.64400E+02
 3.30749E+03	 5.63400E+02
 3.30943E+03	 5.65200E+02
 3.31137E+03	 5.71400E+02
 3.31331E+03	 5.71000E+02
 3.31525E+03	 5.69800E+02
 3.31719E+03	 5.72200E+02
 3.31912E+03	 5.77600E+02
 3.32106E+03	 5.65400E+02
 3.32299E+03	 5.76000E+02
 3.32493E+03	 5.78600E+02
 3.32686E+03	 5.72400E+02
 3.32880E+03	 5.81800E+02
 3.33073E+03	 5.77000E+02
 3.33266E+03	 5.78400E+02
 3.33460E+03	 5.77800E+02
 3.33653E+03	 5.82400E+02
 3.33846E+03	 5.83800E+02
 3.34039E+03	 5.89400E+02
 3.34232E+03	 5.87000E+02
 3.34425E+03	 5.82600E+02
 3.34618E+03	 5.81400E+02
 3.34811E+03	 5.86000E+02
 3.35004E+03	 5.88800E+02
 3.35196E+03	 5.87200E+02
 3.35389E+03	 5.95000E+02
 3.35582E+03	 5.95200E+02
 3.35774E+03	 5.92200E+02
 3.35967E+03	 5.84000E+02
 3.36159E+03	 5.89400E+02
 3.36352E+03	 5.91000E+02
 3.36544E+03	 5.90800E+02
 3.36737E+03	 5.96200E+02
 3.36929E+03	 5.79600E+02
 3.37121E+03	 5.79800E+02
 3.37313E+03	 5.95000E+02
 3.37505E+03	 5.89800E+02
 3.37697E+03	 5.91800E+02
 3.37889E+03	 5.91200E+02
 3.38081E+03	 5.87000E+02
 3.38273E+03	 5.83000E+02
 3.38465E+03	 5.86600E+02
 3.38657E+03	 5.95200E+02
 3.38849E+03	 5.87800E+02
 3.39040E+03	 5.90800E+02
 3.39232E+03	 5.80800E+02
 3.39424E+03	 5.84400E+02
 3.39615E+03	 5.91000E+02
 3.39807E+03	 5.95600E+02
 3.39998E+03	 5.93800E+02
 3.40189E+03	 5.89800E+02
 3.40381E+03	 5.90800E+02
 3.40572E+03	 5.93000E+02
 3.40763E+03	 5.93600E+02
 3.40954E+03	 5.91800E+02
 3.41146E+03	 5.89400E+02
 3.41337E+03	 5.92600E+02
 3.41528E+03	 5.96400E+02
 3.41719E+03	 5.97200E+02
 3.41909E+03	 5.95600E+02
 3.42100E+03	 6.02000E+02
 3.42291E+03	 5.98800E+02
 3.42482E+03	 5.99400E+02
 3.42672E+03	 6.02000E+02
 3.42863E+03	 5.98000E+02
 3.43054E+03	 5.99800E+02
 3.43244E+03	 6.04800E+02
 3.43435E+03	 6.06200E+02
 3.43625E+03	 5.96800E+02
 3.43815E+03	 6.05000E+02
 3.44006E+03	 6.08800E+02
 3.44196E+03	 6.01600E+02
 3.44386E+03	 6.11400E+02
 3.44576E+03	 6.10600E+02
 3.44767E+03	 6.21800E+02
 3.44957E+03	 6.20600E+02
 3.45147E+03	 6.14400E+02
 3.45336E+03	 6.13200E+02
 3.45526E+03	 6.11000E+02
 3.45716E+03	 6.25800E+02
 3.45906E+03	 6.18000E+02
 3.46096E+03	 6.24800E+02
 3.46285E+03	 6.23800E+02
 3.46475E+03	 6.23000E+02
 3.46665E+03	 6.27000E+02
 3.46854E+03	 6.16200E+02
 3.47044E+03	 6.27400E+02
 3.47233E+03	 6.23400E+02
 3.47422E+03	 6.22800E+02
 3.47612E+03	 6.28800E+02
 3.47801E+03	 6.18000E+02
 3.47990E+03	 6.27400E+02
 3.48179E+03	 6.19000E+02
 3.48369E+03	 6.23200E+02
 3.48558E+03	 6.32200E+02
 3.48747E+03	 6.24600E+02
 3.48936E+03	 6.26000E+02
 3.49124E+03	 6.24200E+02
 3.49313E+03	 6.15400E+02
 3.49502E+03	 6.17400E+02
 3.49691E+03	 6.25800E+02
 3.49880E+03	 6.19000E+02
 3.50068E+03	 6.25200E+02
 3.50257E+03	 6.21000E+02
 3.50445E+03	 6.15200E+02
 3.50634E+03	 6.18200E+02
 3.50822E+03	 6.18600E+02
 3.51011E+03	 6.12000E+02
 3.51199E+03	 6.16400E+02
 3.51387E+03	 6.13200E+02
 3.51575E+03	 6.13800E+02
 3.51764E+03	 6.18400E+02
 3.51952E+03	 6.13200E+02
 3.52140E+03	 6.10400E+02
 3.52328E+03	 6.18800E+02
 3.52516E+03	 6.13200E+02
 3.52704E+03	 6.14200E+02
 3.52892E+03	 6.12400E+02
 3.53079E+03	 6.11400E+02
 3.53267E+03	 6.16400E+02
 3.53455E+03	 6.13000E+02
 3.53643E+03	 6.11800E+02
 3.53830E+03	 6.15200E+02
 3.54018E+03	 6.11200E+02
 3.54205E+03	 6.07000E+02
 3.54393E+03	 6.09200E+02
 3.54580E+03	 6.09800E+02
 3.54767E+03	 6.13000E+02
 3.54955E+03	 6.13400E+02
 3.55142E+03	 6.06400E+02
 3.55329E+03	 6.09000E+02
 3.55516E+03	 6.02400E+02
 3.55703E+03	 6.14800E+02
 3.55890E+03	 6.16800E+02
 3.56077E+03	 6.10600E+02
 3.56264E+03	 6.10400E+02
 3.56451E+03	 6.11400E+02
 3.56638E+03	 6.19400E+02
 3.56825E+03	 6.20600E+02
 3.57012E+03	 6.23800E+02
 3.57198E+03	 6.23800E+02
 3.57385E+03	 6.19400E+02
 3.57571E+03	 6.25200E+02
 3.57758E+03	 6.34400E+02
 3.57944E+03	 6.35600E+02
 3.58131E+03	 6.32800E+02
 3.58317E+03	 6.40200E+02
 3.58504E+03	 6.47200E+02
 3.58690E+03	 6.39200E+02
 3.58876E+03	 6.45800E+02
 3.59062E+03	 6.58800E+02
 3.59248E+03	 6.65000E+02
 3.59434E+03	 6.77000E+02
 3.59620E+03	 6.64200E+02
 3.59806E+03	 6.76800E+02
 3.59992E+03	 6.80400E+02
 3.60178E+03	 6.90000E+02
 3.60364E+03	 6.95600E+02
 3.60550E+03	 6.93600E+02
 3.60735E+03	 7.09400E+02
 3.60921E+03	 7.10600E+02
 3.61107E+03	 7.16800E+02
 3.61292E+03	 7.11800E+02
 3.61478E+03	 7.28400E+02
 3.61663E+03	 7.28200E+02
 3.61849E+03	 7.32600E+02
 3.62034E+03	 7.41400E+02
 3.62219E+03	 7.36200E+02
 3.62404E+03	 7.46400E+02
 3.62590E+03	 7.54200E+02
 3.62775E+03	 7.59600E+02
 3.62960E+03	 7.65400E+02
 3.63145E+03	 7.61200E+02
 3.63330E+03	 7.58000E+02
 3.63515E+03	 7.67400E+02
 3.63700E+03	 7.66200E+02
 3.63885E+03	 7.77200E+02
 3.64069E+03	 7.63400E+02
 3.64254E+03	 7.51400E+02
 3.64439E+03	 7.55800E+02
 3.64624E+03	 7.50400E+02
 3.64808E+03	 7.41400E+02
 3.64993E+03	 7.42400E+02
 3.65177E+03	 7.49400E+02
 3.65362E+03	 7.38800E+02
 3.65546E+03	 7.31800E+02
 3.65730E+03	 7.35400E+02
 3.65915E+03	 7.23800E+02
 3.66099E+03	 7.07600E+02
 3.66283E+03	 7.10400E+02
 3.66467E+03	 7.05400E+02
 3.66651E+03	 7.04600E+02
 3.66835E+03	 7.09200E+02
 3.67019E+03	 7.03800E+02
 3.67203E+03	 6.95200E+02
 3.67387E+03	 6.95000E+02
 3.67571E+03	 6.99600E+02
 3.67755E+03	 6.93200E+02
 3.67939E+03	 6.97400E+02
 3.68122E+03	 6.91800E+02
 3.68306E+03	 6.90600E+02
 3.68489E+03	 6.82200E+02
 3.68673E+03	 6.94800E+02
 3.68856E+03	 6.92400E+02
 3.69040E+03	 6.95400E+02
 3.69223E+03	 6.84600E+02
 3.69407E+03	 6.90400E+02
 3.69590E+03	 6.93600E+02
 3.69773E+03	 6.93200E+02
 3.69956E+03	 6.94200E+02
 3.70139E+03	 6.90800E+02
 3.70323E+03	 7.08600E+02
 3.70506E+03	 7.13800E+02
 3.70689E+03	 7.10800E+02
 3.70872E+03	 7.10600E+02
 3.71054E+03	 7.13800E+02
 3.71237E+03	 7.10600E+02
 3.71420E+03	 7.15200E+02
 3.71603E+03	 7.24400E+02
 3.71785E+03	 7.19600E+02
 3.71968E+03	 7.24000E+02
 3.72151E+03	 7.28600E+02
 3.72333E+03	 7.29200E+02
 3.72516E+03	 7.41800E+02
 3.72698E+03	 7.26600E+02
 3.72881E+03	 7.27000E+02
 3.73063E+03	 7.36600E+02
 3.73245E+03	 7.45000E+02
 3.73427E+03	 7.35200E+02
 3.73610E+03	 7.56600E+02
 3.73792E+03	 7.66600E+02
 3.73974E+03	 7.62800E+02
 3.74156E+03	 7.66400E+02
 3.74338E+03	 7.59200E+02
 3.74520E+03	 7.69000E+02
 3.74702E+03	 7.63200E+02
 3.74884E+03	 7.70800E+02
 3.75065E+03	 7.72400E+02
 3.75247E+03	 7.85800E+02
 3.75429E+03	 7.95600E+02
 3.75611E+03	 7.86600E+02
 3.75792E+03	 7.86400E+02
 3.75974E+03	 7.95400E+02
 3.76155E+03	 8.05200E+02
 3.76337E+03	 7.98200E+02
 3.76518E+03	 8.08600E+02
 3.76699E+03	 8.13400E+02
 3.76881E+03	 8.12000E+02
 3.77062E+03	 8.16200E+02
 3.77243E+03	 8.25800E+02
 3.77424E+03	 8.35800E+02
 3.77605E+03	 8.38400E+02
 3.77786E+03	 8.34800E+02
 3.77967E+03	 8.35400E+02
 3.78148E+03	 8.47400E+02
 3.78329E+03	 8.42600E+02
 3.78510E+03	 8.47800E+02
 3.78691E+03	 8.40200E+02
 3.78872E+03	 8.62800E+02
 3.79052E+03	 8.84200E+02
 3.79233E+03	 8.75600E+02
 3.79414E+03	 8.80200E+02
 3.79594E+03	 8.76200E+02
 3.79775E+03	 9.02200E+02
 3.79955E+03	 9.06400E+02
 3.80136E+03	 9.25600E+02
 3.80316E+03	 9.26400E+02
 3.80496E+03	 9.27800E+02
 3.80677E+03	 9.37200E+02
 3.80857E+03	 9.51200E+02
 3.81037E+03	 9.39400E+02
 3.81217E+03	 9.41800E+02
 3.81397E+03	 9.59800E+02
 3.81577E+03	 9.61800E+02
 3.81757E+03	 9.90400E+02
 3.81937E+03	 1.00080E+03
 3.82117E+03	 1.00400E+03
 3.82297E+03	 1.01220E+03
 3.82477E+03	 1.00520E+03
 3.82656E+03	 1.00680E+03
 3.82836E+03	 1.02520E+03
 3.83016E+03	 1.05260E+03
 3.83195E+03	 1.04580E+03
 3.83375E+03	 1.04120E+03
 3.83554E+03	 1.05140E+03
 3.83734E+03	 1.06820E+03
 3.83913E+03	 1.06720E+03
 3.84093E+03	 1.07400E+03
